0.016949	
0.220939	
0.469848	
0.746128	
1.01089	
0.017352	
0.225607	
0.478956	
0.758177	
1.02332	
0.017549	
0.227886	
0.483403	
0.764058	
1.02939	
0.017545	
0.227848	
0.483321	
0.763894	
1.0292	
0.016852	
0.219477	
0.462982	
0.725238	
0.983894	
0.016954	
0.221191	
0.468671	
0.734525	
0.996082	
0.016046	
0.209211	
0.433456	
0.678365	
0.924182	
0.016072	
0.209697	
0.434064	
0.679046	
0.925104	
0.017336	
0.224038	
0.476057	
0.746552	
1.01397	
0.018261	
0.232104	
0.492577	
0.773172	
1.05368	
0.017373	
0.221754	
0.439358	
0.668442	
0.905638	
0.017489	
0.223283	
0.442442	
0.672798	
0.911642	
0.017672	
0.226106	
0.448221	
0.681014	
0.923019	
0.018336	
0.24392	
0.48721	
0.737692	
1.00281	
0.018372	
0.244629	
0.488092	
0.738692	
1.00395	
0.018898	
0.258684	
0.526372	
0.803234	
1.1014	
0.020901	
0.271746	
0.567562	
0.873697	
1.20906	
0.021596	
0.276146	
0.577778	
0.890669	
1.23489	
0.022942	
0.28537	
0.594875	
0.91832	
1.27673	
0.018405	
0.245438	
0.489927	
0.740711	
1.0062	
0.024325	
0.295562	
0.610818	
0.943035	
1.31366	
0.018456	
0.246499	
0.492402	
0.743759	
1.00952	
0.01847	
0.246759	
0.493023	
0.744518	
1.01035	
0.018456	
0.246499	
0.492402	
0.743759	
1.00952	
0.018507	
0.247027	
0.49441	
0.747271	
1.01487	
0.02307	
0.263298	
0.550382	
0.856467	
1.19428	
0.024726	
0.277594	
0.57571	
0.901799	
1.26831	
0.029963	
0.334137	
0.651421	
1.00183	
1.41428	
0.017884	
0.200127	
0.374031	
0.546654	
0.737897	
0.018212	
0.203358	
0.379729	
0.55425	
0.746779	
0.018211	
0.203357	
0.379728	
0.55425	
0.746778	
0.018412	
0.205341	
0.383246	
0.558979	
0.752429	
0.018447	
0.205686	
0.383857	
0.559801	
0.753412	
0.012594	
0.145816	
0.273133	
0.407323	
0.555389	
0.012959	
0.148403	
0.277387	
0.414042	
0.563239	
0.012959	
0.148403	
0.277387	
0.414042	
0.563239	
0.012966	
0.148452	
0.277469	
0.414175	
0.563402	
0.018299	
0.199039	
0.365588	
0.524019	
0.693656	
0.019197	
0.211513	
0.39228	
0.567877	
0.75835	
0.012965	
0.148441	
0.277445	
0.414068	
0.563187	
0.01339	
0.152439	
0.284382	
0.422309	
0.574384	
0.01295	
0.14823	
0.277014	
0.412079	
0.559251	
0.014798	
0.165754	
0.307564	
0.450503	
0.610129	
0.012941	
0.148166	
0.276876	
0.411457	
0.55803	
0.012924	
0.148037	
0.276531	
0.41017	
0.555526	
0.012924	
0.148031	
0.276518	
0.41011	
0.555407	
0.012888	
0.147862	
0.276159	
0.408582	
0.552436	
0.018278	
0.199017	
0.365566	
0.523998	
0.693635	
0.017858	
0.193941	
0.355534	
0.509124	
0.673195	
0.012877	
0.147784	
0.275867	
0.407836	
0.551007	
0.012861	
0.147686	
0.275502	
0.406904	
0.549221	
0.016076	
0.174627	
0.318666	
0.456223	
0.602261	
0.016479	
0.178052	
0.324217	
0.462738	
0.609489	
0.016463	
0.177871	
0.323874	
0.462235	
0.608805	
0.014976	
0.161941	
0.294076	
0.419001	
0.550526	
0.019012	
0.240585	
0.505533	
0.809407	
1.09066	
0.018608	
0.236266	
0.497253	
0.797804	
1.07808	
0.017845	
0.234442	
0.480151	
0.756963	
1.0225	
0.0181	
0.231501	
0.490657	
0.783069	
1.05673	
0.018081	
0.231325	
0.49041	
0.782495	
1.05591	
0.018044	
0.237111	
0.485563	
0.76541	
1.03354	
0.018025	
0.237044	
0.485182	
0.764571	
1.03245	
0.018	
0.236663	
0.484403	
0.763343	
1.0308	
0.017879	
0.234933	
0.480866	
0.757767	
1.0233	
0.017894	
0.235138	
0.481283	
0.758423	
1.02418	
0.019144	
0.241806	
0.507649	
0.812368	
1.09554	
0.019307	
0.243299	
0.510238	
0.815988	
1.1015	
0.017874	
0.229658	
0.487798	
0.775284	
1.04554	
0.020911	
0.257921	
0.53542	
0.850262	
1.15798	
0.018045	
0.238966	
0.491037	
0.773547	
1.0468	
0.005852	
0.075916	
0.150184	
0.22921	
0.304783	
0.005883	
0.076313	
0.150993	
0.230477	
0.306477	
0.006189	
0.080376	
0.159369	
0.243748	
0.324383	
0.022849	
0.275683	
0.566412	
0.891237	
1.22376	
0.022849	
0.275683	
0.566412	
0.891237	
1.22376	
0.018128	
0.240871	
0.497322	
0.783256	
1.06244	
0.018149	
0.241137	
0.49796	
0.784248	
1.06406	
0.022883	
0.271599	
0.567087	
0.891346	
1.2385	
0.005936	
0.077306	
0.153079	
0.233846	
0.311108	
0.00594	
0.077333	
0.153133	
0.233927	
0.311213	
0.020312	
0.251062	
0.526978	
0.827293	
1.13351	
0.023242	
0.279122	
0.57346	
0.897552	
1.23607	
0.024131	
0.287454	
0.587067	
0.918264	
1.26673	
0.005937	
0.077307	
0.15308	
0.233846	
0.311109	
0.005915	
0.076951	
0.152333	
0.232666	
0.309441	
0.005935	
0.077283	
0.15303	
0.233767	
0.311004	
0.005876	
0.077243	
0.153016	
0.233783	
0.311046	
0.005883	
0.077251	
0.153025	
0.233791	
0.311054	
0.005883	
0.076866	
0.152208	
0.232492	
0.30922	
0.023616	
0.275598	
0.576019	
0.905153	
1.26101	
0.023982	
0.277597	
0.580485	
0.912056	
1.27227	
0.028569	
0.328958	
0.656743	
1.01086	
1.41292	
0.024135	
0.279058	
0.583617	
0.916828	
1.28001	
0.024586	
0.283121	
0.59119	
0.928148	
1.29831	
0.025385	
0.290977	
0.60353	
0.94619	
1.32719	
0.024587	
0.283121	
0.591191	
0.928149	
1.29831	
0.034866	
0.391626	
0.749924	
1.12525	
1.5825	
0.033321	
0.372798	
0.711783	
1.06576	
1.49399	
0.033412	
0.37384	
0.713377	
1.06745	
1.49608	
0.034866	
0.391626	
0.749924	
1.12525	
1.5825	
0.020542	
0.227746	
0.425085	
0.619672	
0.834545	
0.033403	
0.373832	
0.713371	
1.06744	
1.49608	
0.033402	
0.373832	
0.713371	
1.06744	
1.49608	
0.033402	
0.373832	
0.71337	
1.06744	
1.49608	
0.033402	
0.373832	
0.71337	
1.06744	
1.49608	
0.033402	
0.373832	
0.71337	
1.06744	
1.49608	
0.003086	
0.036862	
0.068555	
0.099116	
0.129702	
0.003086	
0.036862	
0.068555	
0.099116	
0.129702	
0.00311	
0.036885	
0.068577	
0.099139	
0.129724	
0.003101	
0.036876	
0.068568	
0.099129	
0.129715	
0.003121	
0.036897	
0.068589	
0.099151	
0.129736	
0.019853	
0.220021	
0.41001	
0.596491	
0.80065	
0.019559	
0.216695	
0.403454	
0.586319	
0.785638	
0.019507	
0.216183	
0.402533	
0.58505	
0.784015	
0.015179	
0.169072	
0.314475	
0.456453	
0.610236	
0.00674	
0.076219	
0.141552	
0.204962	
0.271806	
0.005111	
0.058536	
0.108554	
0.156856	
0.206905	
0.00485	
0.055641	
0.103172	
0.149044	
0.196412	
0.004368	
0.050408	
0.093414	
0.134827	
0.177243	
0.004227	
0.048866	
0.090545	
0.130658	
0.171639	
0.004112	
0.04761	
0.088203	
0.127246	
0.167039	
0.003457	
0.040372	
0.074752	
0.107728	
0.140835	
0.003527	
0.041142	
0.076186	
0.109811	
0.143636	
0.003449	
0.040334	
0.074691	
0.107638	
0.140712	
0.003456	
0.040363	
0.074739	
0.107708	
0.140809	
0.003364	
0.039386	
0.07294	
0.105128	
0.137374	
0.003279	
0.038491	
0.071293	
0.102761	
0.134214	
0.003275	
0.038631	
0.071535	
0.103087	
0.134636	
0.003152	
0.037075	
0.068881	
0.099535	
0.13021	
0.003436	
0.040273	
0.074589	
0.107488	
0.140477	
0.003423	
0.040206	
0.07448	
0.107328	
0.140254	
0.018189	
0.198925	
0.365474	
0.523907	
0.693544	
0.018186	
0.198923	
0.365472	
0.523905	
0.693542	
0.018186	
0.198922	
0.365472	
0.523905	
0.693542	
0.003271	
0.038895	
0.071993	
0.1037	
0.13543	
0.018184	
0.198921	
0.365471	
0.523904	
0.693541	
0.00327	
0.038914	
0.07203	
0.103756	
0.135502	
0.00327	
0.0389	
0.072003	
0.103718	
0.135452	
0.00327	
0.038899	
0.072	
0.103712	
0.135445	
0.00327	
0.038898	
0.071998	
0.10371	
0.135442	
0.00327	
0.038895	
0.071993	
0.103703	
0.135433	
0.003271	
0.038896	
0.071993	
0.103701	
0.135431	
0.00326	
0.038876	
0.071966	
0.103669	
0.135381	
0.002986	
0.038416	
0.071343	
0.102907	
0.134177	
0.013778	
0.149093	
0.270049	
0.384147	
0.503554	
0.013777	
0.149094	
0.270049	
0.384148	
0.503555	
0.013776	
0.149093	
0.270048	
0.384147	
0.503554	
0.005744	
0.07651	
0.151681	
0.231758	
0.308288	
0.005692	
0.075541	
0.149645	
0.228508	
0.303895	
0.00567	
0.07509	
0.148699	
0.227006	
0.301875	
0.005673	
0.075092	
0.148703	
0.22701	
0.301879	
0.005697	
0.075108	
0.148726	
0.227027	
0.301901	
0.005694	
0.075106	
0.148723	
0.227025	
0.301897	
0.005692	
0.075103	
0.14872	
0.227022	
0.301895	
0.005689	
0.075101	
0.148718	
0.22702	
0.301893	
0.005689	
0.075101	
0.148718	
0.22702	
0.301893	
0.003136	
0.036912	
0.068604	
0.099166	
0.129751	
0.003137	
0.036913	
0.068605	
0.099167	
0.129752	
0.003139	
0.036935	
0.068643	
0.099216	
0.129814	
0.003139	
0.036935	
0.068643	
0.099216	
0.129814	
0.003146	
0.037018	
0.068785	
0.099406	
0.13005	
0.027035	
0.307044	
0.627498	
0.979938	
1.38033	
0.015183	
0.163551	
0.296155	
0.421318	
0.55274	
0.015156	
0.163255	
0.295588	
0.420491	
0.551616	
0.003341	
0.037576	
0.069622	
0.100419	
0.130966	
0.003352	
0.03761	
0.069673	
0.100481	
0.131027	
0.003348	
0.03761	
0.069676	
0.100487	
0.131032	
0.003346	
0.037611	
0.069679	
0.100492	
0.131036	
0.003351	
0.03761	
0.069674	
0.100483	
0.131029	
0.024897	
0.294588	
0.598974	
0.934041	
1.29171	
0.02624	
0.307273	
0.620549	
0.962903	
1.33697	
0.016698	
0.217451	
0.457112	
0.715981	
0.972099	
0.002984	
0.038414	
0.071342	
0.102905	
0.134175	
0.017855	
0.229554	
0.48754	
0.774624	
1.04459	
0.017714	
0.228783	
0.485627	
0.769737	
1.03756	
0.017545	
0.227848	
0.483321	
0.763894	
1.0292	
0.017545	
0.227848	
0.483321	
0.763894	
1.0292	
0.017516	
0.227507	
0.48257	
0.762387	
1.0275	
0.017504	
0.227374	
0.482277	
0.7618	
1.02684	
0.01704	
0.22215	
0.470779	
0.738752	
1.00085	
0.017113	
0.222986	
0.472623	
0.742448	
1.00502	
0.016615	
0.216743	
0.457975	
0.719563	
0.977666	
0.016717	
0.217916	
0.460122	
0.721996	
0.980335	
0.016836	
0.21929	
0.46264	
0.72485	
0.983468	
0.016999	
0.22153	
0.469548	
0.735954	
0.998207	
0.017859	
0.198202	
0.368901	
0.535887	
0.71752	
0.013787	
0.149194	
0.270236	
0.384418	
0.503919	
0.013832	
0.149675	
0.271134	
0.38572	
0.505671	
0.013774	
0.14905	
0.269967	
0.384029	
0.503395	
0.018223	
0.232693	
0.492366	
0.786736	
1.06197	
0.020062	
0.24868	
0.522841	
0.820878	
1.12409	
0.019945	
0.247628	
0.520911	
0.817845	
1.11965	
0.019594	
0.244475	
0.515124	
0.808746	
1.10636	
0.019596	
0.244507	
0.515186	
0.808844	
1.10651	
0.019244	
0.241227	
0.509199	
0.799415	
1.09258	
0.006052	
0.078544	
0.155541	
0.237604	
0.316007	
0.005905	
0.07661	
0.151599	
0.231427	
0.307748	
0.006061	
0.078661	
0.155785	
0.237996	
0.316542	
0.005936	
0.07729	
0.153044	
0.233789	
0.311033	
0.005933	
0.077303	
0.153076	
0.233842	
0.311105	
0.005876	
0.077243	
0.153016	
0.233783	
0.311046	
0.005876	
0.077243	
0.153016	
0.233783	
0.311046	
0.005876	
0.077243	
0.153016	
0.233783	
0.311046	
0.005696	
0.075108	
0.148725	
0.227027	
0.3019	
