0.024041	
0.288645	
0.600951	
0	
0	
0.024418	
0.293241	
0.610088	
0	
0	
0.024602	
0.295484	
0.614548	
0	
0	
0.024598	
0.295455	
0.614488	
0	
0	
0.023615	
0.287598	
0.597343	
0	
0	
0.023771	
0.290072	
0.603637	
0	
0	
0.02261	
0.274445	
0.567298	
0	
0	
0.022632	
0.274686	
0.567647	
0	
0	
0.024077	
0.292382	
0.611162	
0	
0	
0.024864	
0.298968	
0.627453	
0	
0	
0.02196	
0.271978	
0.54989	
0	
0	
0.022102	
0.273724	
0.553152	
0	
0	
0.022425	
0.277061	
0.559369	
0	
0	
0.0253	
0.301608	
0.604202	
0	
0	
0.025354	
0.302038	
0.604865	
0	
0	
0.025851	
0.316927	
0.652398	
0	
0	
0.026451	
0.329393	
0.698277	
0	
0	
0.02709	
0.333336	
0.7084	
0	
0	
0.028415	
0.343105	
0.725354	
0	
0	
0.025377	
0.302272	
0.605246	
0	
0	
0.029842	
0.354485	
0.741841	
0	
0	
0.025455	
0.30269	
0.60586	
0	
0	
0.025485	
0.302834	
0.606055	
0	
0	
0.025455	
0.30269	
0.60586	
0	
0	
0.025505	
0.303505	
0.607881	
0	
0	
0.026363	
0.323578	
0.670334	
0	
0	
0.028003	
0.333992	
0.691608	
0	
0	
0.034602	
0.39564	
0.778259	
0	
0	
0.022736	
0.25168	
0.477281	
0	
0	
0.023016	
0.254645	
0.482751	
0	
0	
0.023016	
0.254646	
0.482752	
0	
0	
0.02319	
0.256493	
0.486177	
0	
0	
0.02322	
0.256813	
0.486773	
0	
0	
0.018544	
0.199231	
0.374338	
0	
0	
0.019022	
0.202416	
0.377994	
0	
0	
0.019022	
0.202416	
0.377994	
0	
0	
0.019032	
0.20248	
0.378067	
0	
0	
0.023914	
0.258414	
0.480064	
0	
0	
0.024085	
0.264715	
0.498572	
0	
0	
0.01903	
0.202471	
0.378041	
0	
0	
0.019413	
0.20681	
0.385852	
0	
0	
0.019021	
0.202289	
0.377583	
0	
0	
0.020695	
0.221444	
0.41241	
0	
0	
0.019017	
0.202242	
0.377456	
0	
0	
0.019013	
0.202148	
0.377203	
0	
0	
0.019013	
0.202143	
0.377191	
0	
0	
0.019006	
0.202042	
0.376886	
0	
0	
0.02441	
0.258332	
0.480511	
0	
0	
0.023645	
0.254194	
0.470962	
0	
0	
0.019003	
0.202009	
0.376748	
0	
0	
0.019	
0.201972	
0.376577	
0	
0	
0.022374	
0.236526	
0.434876	
0	
0	
0.022804	
0.241003	
0.44255	
0	
0	
0.02279	
0.240828	
0.442204	
0	
0	
0.021364	
0.224101	
0.410014	
0	
0	
0.025844	
0.306153	
0.634933	
0	
0	
0.025434	
0.301725	
0.626164	
0	
0	
0.02541	
0.297013	
0.60274	
0	
0	
0.024937	
0.297341	
0.620525	
0	
0	
0.024918	
0.297177	
0.620294	
0	
0	
0.02567	
0.300098	
0.608987	
0	
0	
0.025666	
0.299982	
0.608492	
0	
0	
0.025628	
0.29953	
0.607575	
0	
0	
0.025457	
0.297478	
0.603418	
0	
0	
0.025478	
0.29772	
0.603906	
0	
0	
0.025958	
0.307351	
0.637034	
0	
0	
0.026096	
0.308815	
0.639602	
0	
0	
0.02468	
0.296175	
0.61836	
0	
0	
0.027483	
0.323322	
0.664951	
0	
0	
0.025813	
0.304052	
0.616554	
0	
0	
0.009882	
0.111354	
0.217966	
0	
0	
0.009927	
0.111875	
0.219025	
0	
0	
0.010347	
0.116863	
0.229267	
0	
0	
0.029192	
0.341348	
0.697233	
0	
0	
0.029192	
0.341348	
0.697233	
0	
0	
0.025981	
0.308167	
0.624895	
0	
0	
0.025994	
0.308567	
0.625735	
0	
0	
0.027291	
0.347579	
0.709698	
0	
0	
0.010023	
0.11302	
0.22141	
0	
0	
0.010026	
0.113061	
0.22149	
0	
0	
0.026708	
0.315714	
0.660871	
0	
0	
0.029486	
0.344728	
0.705821	
0	
0	
0.030329	
0.353387	
0.718968	
0	
0	
0.010022	
0.11302	
0.22141	
0	
0	
0.009988	
0.112663	
0.220628	
0	
0	
0.010021	
0.112997	
0.221359	
0	
0	
0.010022	
0.11302	
0.221411	
0	
0	
0.010023	
0.113022	
0.221412	
0	
0	
0.009986	
0.112619	
0.220537	
0	
0	
0.027471	
0.352139	
0.719936	
0	
0	
0.02756	
0.354419	
0.725055	
0	
0	
0.034376	
0.397325	
0.792316	
0	
0	
0.027656	
0.355628	
0.728015	
0	
0	
0.028482	
0.358546	
0.734843	
0	
0	
0.029574	
0.364001	
0.745593	
0	
0	
0.028482	
0.358546	
0.734844	
0	
0	
0.040851	
0.462016	
0.892062	
0	
0	
0.039173	
0.441647	
0.851105	
0	
0	
0.039302	
0.442918	
0.853089	
0	
0	
0.040851	
0.462016	
0.892062	
0	
0	
0.025264	
0.279529	
0.530267	
0	
0	
0.039302	
0.442921	
0.853094	
0	
0	
0.039302	
0.442921	
0.853094	
0	
0	
0.039303	
0.442921	
0.853094	
0	
0	
0.039303	
0.442921	
0.853094	
0	
0	
0.039303	
0.442921	
0.853094	
0	
0	
0.005589	
0.060237	
0.112808	
0	
0	
0.005589	
0.060237	
0.112808	
0	
0	
0.00559	
0.060237	
0.112807	
0	
0	
0.005589	
0.060237	
0.112808	
0	
0	
0.005589	
0.060236	
0.112807	
0	
0	
0.024512	
0.270911	
0.513428	
0	
0	
0.024191	
0.267173	
0.506056	
0	
0	
0.024145	
0.266678	
0.505122	
0	
0	
0.019241	
0.211816	
0.400623	
0	
0	
0.009697	
0.105561	
0.198852	
0	
0	
0.007844	
0.08489	
0.159539	
0	
0	
0.007549	
0.081602	
0.153305	
0	
0	
0.006999	
0.075457	
0.141627	
0	
0	
0.006839	
0.073681	
0.138257	
0	
0	
0.006706	
0.072206	
0.135454	
0	
0	
0.005961	
0.063941	
0.119796	
0	
0	
0.006042	
0.06483	
0.12148	
0	
0	
0.005942	
0.06369	
0.119391	
0	
0	
0.005957	
0.063887	
0.119708	
0	
0	
0.005857	
0.062883	
0.117765	
0	
0	
0.00576	
0.061898	
0.115873	
0	
0	
0.005765	
0.061936	
0.115925	
0	
0	
0.005607	
0.060408	
0.113123	
0	
0	
0.005908	
0.063225	
0.118643	
0	
0	
0.005876	
0.06278	
0.117925	
0	
0	
0.02441	
0.258334	
0.480514	
0	
0	
0.024409	
0.258334	
0.480515	
0	
0	
0.02441	
0.258334	
0.480516	
0	
0	
0.005774	
0.062007	
0.116022	
0	
0	
0.02441	
0.258335	
0.480516	
0	
0	
0.005778	
0.062042	
0.116086	
0	
0	
0.005775	
0.062019	
0.116044	
0	
0	
0.005774	
0.062016	
0.116037	
0	
0	
0.005775	
0.062014	
0.116034	
0	
0	
0.005775	
0.062009	
0.116025	
0	
0	
0.005774	
0.062008	
0.116023	
0	
0	
0.005766	
0.061863	
0.115778	
0	
0	
0.005532	
0.058156	
0.109987	
0	
0	
0.020212	
0.210591	
0.384022	
0	
0	
0.020212	
0.210591	
0.384023	
0	
0	
0.02021	
0.210591	
0.384021	
0	
0	
0.00997	
0.11243	
0.220147	
0	
0	
0.009863	
0.111181	
0.217595	
0	
0	
0.009812	
0.110576	
0.216364	
0	
0	
0.009813	
0.110576	
0.216364	
0	
0	
0.009807	
0.110577	
0.216359	
0	
0	
0.009762	
0.110576	
0.21626	
0	
0	
0.009818	
0.11057	
0.216312	
0	
0	
0.009818	
0.11057	
0.216313	
0	
0	
0.009818	
0.11057	
0.216313	
0	
0	
0.005589	
0.060236	
0.112807	
0	
0	
0.00559	
0.060237	
0.112807	
0	
0	
0.005591	
0.06026	
0.11285	
0	
0	
0.005591	
0.06026	
0.112851	
0	
0	
0.0056	
0.060348	
0.113013	
0	
0	
0.032006	
0.377712	
0.766265	
0	
0	
0.021938	
0.228355	
0.416263	
0	
0	
0.021919	
0.228092	
0.415725	
0	
0	
0.004534	
0.059448	
0.11089	
0	
0	
0.004479	
0.059406	
0.110787	
0	
0	
0.004377	
0.059371	
0.110656	
0	
0	
0.004309	
0.059347	
0.110569	
0	
0	
0.004479	
0.059407	
0.11079	
0	
0	
0.031032	
0.36095	
0.731538	
0	
0	
0.032249	
0.374346	
0.754118	
0	
0	
0.023408	
0.284941	
0.591345	
0	
0	
0.005532	
0.058156	
0.109985	
0	
0	
0.024675	
0.296133	
0.618134	
0	
0	
0.024641	
0.295833	
0.616476	
0	
0	
0.024597	
0.295454	
0.614488	
0	
0	
0.024597	
0.295454	
0.614488	
0	
0	
0.024555	
0.295178	
0.613931	
0	
0	
0.024538	
0.29507	
0.613714	
0	
0	
0.02389	
0.290846	
0.605199	
0	
0	
0.023994	
0.291523	
0.606565	
0	
0	
0.023437	
0.284974	
0.592238	
0	
0	
0.023513	
0.286099	
0.594427	
0	
0	
0.023603	
0.287419	
0.596996	
0	
0	
0.023808	
0.290346	
0.604531	
0	
0	
0.022269	
0.245673	
0.465106	
0	
0	
0.02022	
0.210696	
0.384224	
0	
0	
0.020262	
0.211201	
0.385193	
0	
0	
0.020207	
0.210543	
0.383929	
0	
0	
0.025058	
0.29841	
0.621949	
0	
0	
0.026479	
0.313499	
0.656882	
0	
0	
0.026372	
0.312521	
0.654983	
0	
0	
0.026048	
0.309586	
0.649283	
0	
0	
0.026052	
0.309618	
0.649345	
0	
0	
0.025738	
0.306822	
0.643544	
0	
0	
0.010177	
0.114813	
0.224991	
0	
0	
0.009959	
0.112267	
0.21982	
0	
0	
0.010188	
0.114943	
0.225263	
0	
0	
0.010022	
0.113004	
0.221373	
0	
0	
0.010023	
0.113021	
0.221411	
0	
0	
0.010022	
0.11302	
0.221411	
0	
0	
0.010022	
0.11302	
0.221411	
0	
0	
0.010022	
0.11302	
0.221411	
0	
0	
0.009812	
0.110576	
0.216364	
0	
0	
