0.024041	
0.288645	
0.600951	
0.941574	
1.27507	
0.024418	
0.293241	
0.610088	
0.953678	
1.2877	
0.024602	
0.295484	
0.614548	
0.959586	
1.29387	
0.024598	
0.295455	
0.614488	
0.95944	
1.29369	
0.023615	
0.287598	
0.597343	
0.92272	
1.24778	
0.023771	
0.290072	
0.603637	
0.932907	
1.26131	
0.02261	
0.274445	
0.567298	
0.872657	
1.18275	
0.022632	
0.274686	
0.567647	
0.873184	
1.18364	
0.024077	
0.292382	
0.611162	
0.945513	
1.2803	
0.024864	
0.298968	
0.627453	
0.972674	
1.32154	
0.02196	
0.271978	
0.54989	
0.839912	
1.13778	
0.022102	
0.273724	
0.553152	
0.844944	
1.14505	
0.022425	
0.277061	
0.559369	
0.854532	
1.15892	
0.0253	
0.301608	
0.604202	
0.92362	
1.25871	
0.025354	
0.302038	
0.604865	
0.924337	
1.25988	
0.025851	
0.316927	
0.652398	
0.999578	
1.37066	
0.026451	
0.329393	
0.698277	
1.0754	
1.48567	
0.02709	
0.333336	
0.7084	
1.09192	
1.51101	
0.028415	
0.343105	
0.725354	
1.11834	
1.55101	
0.025377	
0.302272	
0.605246	
0.924766	
1.26054	
0.029842	
0.354485	
0.741841	
1.1422	
1.58599	
0.025455	
0.30269	
0.60586	
0.925447	
1.26146	
0.025485	
0.302834	
0.606055	
0.925658	
1.26173	
0.025455	
0.30269	
0.60586	
0.925447	
1.26146	
0.025505	
0.303505	
0.607881	
0.928886	
1.267	
0.026363	
0.323578	
0.670334	
1.04377	
1.46123	
0.028003	
0.333992	
0.691608	
1.08305	
1.53057	
0.034602	
0.39564	
0.778259	
1.1772	
1.66433	
0.022736	
0.25168	
0.477281	
0.695905	
0.929166	
0.023016	
0.254645	
0.482751	
0.70387	
0.939632	
0.023016	
0.254646	
0.482752	
0.70387	
0.939633	
0.02319	
0.256493	
0.486177	
0.708899	
0.946491	
0.02322	
0.256813	
0.486773	
0.709774	
0.947684	
0.018544	
0.199231	
0.374338	
0.550427	
0.745703	
0.019022	
0.202416	
0.377994	
0.554115	
0.75086	
0.019022	
0.202416	
0.377994	
0.554115	
0.75086	
0.019032	
0.20248	
0.378067	
0.554188	
0.750962	
0.023914	
0.258414	
0.480064	
0.691817	
0.914562	
0.024085	
0.264715	
0.498572	
0.724743	
0.966059	
0.01903	
0.202471	
0.378041	
0.55415	
0.750844	
0.019413	
0.20681	
0.385852	
0.564849	
0.762689	
0.019021	
0.202289	
0.377583	
0.553427	
0.748567	
0.020695	
0.221444	
0.41241	
0.602008	
0.804058	
0.019017	
0.202242	
0.377456	
0.553184	
0.747841	
0.019013	
0.202148	
0.377203	
0.552578	
0.746338	
0.019013	
0.202143	
0.377191	
0.552555	
0.746268	
0.019006	
0.202042	
0.376886	
0.551929	
0.744481	
0.02441	
0.258332	
0.480511	
0.691712	
0.915058	
0.023645	
0.254194	
0.470962	
0.677639	
0.894766	
0.019003	
0.202009	
0.376748	
0.55152	
0.743623	
0.019	
0.201972	
0.376577	
0.551009	
0.742549	
0.022374	
0.236526	
0.434876	
0.623715	
0.822218	
0.022804	
0.241003	
0.44255	
0.633412	
0.833046	
0.02279	
0.240828	
0.442204	
0.632896	
0.832342	
0.021364	
0.224101	
0.410014	
0.585457	
0.768117	
0.025844	
0.306153	
0.634933	
1.00403	
1.35719	
0.025434	
0.301725	
0.626164	
0.991227	
1.34335	
0.02541	
0.297013	
0.60274	
0.940245	
1.27212	
0.024937	
0.297341	
0.620525	
0.977864	
1.32239	
0.024918	
0.297177	
0.620294	
0.977339	
1.32159	
0.02567	
0.300098	
0.608987	
0.949952	
1.28499	
0.025666	
0.299982	
0.608492	
0.94892	
1.28361	
0.025628	
0.29953	
0.607575	
0.947487	
1.28167	
0.025457	
0.297478	
0.603418	
0.941001	
1.27288	
0.025478	
0.29772	
0.603906	
0.941761	
1.27391	
0.025958	
0.307351	
0.637034	
1.00701	
1.3621	
0.026096	
0.308815	
0.639602	
1.01066	
1.36811	
0.02468	
0.296175	
0.61836	
0.970791	
1.31126	
0.027483	
0.323322	
0.664951	
1.04537	
1.42496	
0.025813	
0.304052	
0.616554	
0.96037	
1.30082	
0.009882	
0.111354	
0.217966	
0.329218	
0.436457	
0.009927	
0.111875	
0.219025	
0.330867	
0.438672	
0.010347	
0.116863	
0.229267	
0.346976	
0.46051	
0.029192	
0.341348	
0.697233	
1.08755	
1.49123	
0.029192	
0.341348	
0.697233	
1.08755	
1.49123	
0.025981	
0.308167	
0.624895	
0.972384	
1.31913	
0.025994	
0.308567	
0.625735	
0.973607	
1.32101	
0.027291	
0.347579	
0.709698	
1.09802	
1.516	
0.010023	
0.11302	
0.22141	
0.334657	
0.443864	
0.010026	
0.113061	
0.22149	
0.33478	
0.444024	
0.026708	
0.315714	
0.660871	
1.02654	
1.40244	
0.029486	
0.344728	
0.705821	
1.09532	
1.50418	
0.030329	
0.353387	
0.718968	
1.11558	
1.53456	
0.010022	
0.11302	
0.22141	
0.334657	
0.443864	
0.009988	
0.112663	
0.220628	
0.333467	
0.442288	
0.010021	
0.112997	
0.221359	
0.334579	
0.44376	
0.010022	
0.11302	
0.221411	
0.334659	
0.443866	
0.010023	
0.113022	
0.221412	
0.33466	
0.443867	
0.009986	
0.112619	
0.220537	
0.33332	
0.442087	
0.027471	
0.352139	
0.719936	
1.11341	
1.54042	
0.02756	
0.354419	
0.725055	
1.1211	
1.55263	
0.034376	
0.397325	
0.792316	
1.21047	
1.68111	
0.027656	
0.355628	
0.728015	
1.12572	
1.56025	
0.028482	
0.358546	
0.734843	
1.13619	
1.57752	
0.029574	
0.364001	
0.745593	
1.1523	
1.60392	
0.028482	
0.358546	
0.734844	
1.13619	
1.57752	
0.040851	
0.462016	
0.892062	
1.32862	
1.84966	
0.039173	
0.441647	
0.851105	
1.26553	
1.75687	
0.039302	
0.442918	
0.853089	
1.26791	
1.75936	
0.040851	
0.462016	
0.892062	
1.32862	
1.84966	
0.025264	
0.279529	
0.530267	
0.774958	
1.04051	
0.039302	
0.442921	
0.853094	
1.26792	
1.75937	
0.039302	
0.442921	
0.853094	
1.26792	
1.75937	
0.039303	
0.442921	
0.853094	
1.26792	
1.75937	
0.039303	
0.442921	
0.853094	
1.26792	
1.75937	
0.039303	
0.442921	
0.853094	
1.26792	
1.75937	
0.005589	
0.060237	
0.112808	
0.163627	
0.213039	
0.005589	
0.060237	
0.112808	
0.163627	
0.213039	
0.00559	
0.060237	
0.112807	
0.163627	
0.213038	
0.005589	
0.060237	
0.112808	
0.163626	
0.213038	
0.005589	
0.060236	
0.112807	
0.163626	
0.213036	
0.024512	
0.270911	
0.513428	
0.749491	
1.00374	
0.024191	
0.267173	
0.506056	
0.738248	
0.987368	
0.024145	
0.266678	
0.505122	
0.736848	
0.985369	
0.019241	
0.211816	
0.400623	
0.583776	
0.778513	
0.009697	
0.105561	
0.198852	
0.289106	
0.38141	
0.007844	
0.08489	
0.159539	
0.231576	
0.303722	
0.007549	
0.081602	
0.153305	
0.222489	
0.291501	
0.006999	
0.075457	
0.141627	
0.205409	
0.268449	
0.006839	
0.073681	
0.138257	
0.200494	
0.261833	
0.006706	
0.072206	
0.135454	
0.196395	
0.2563	
0.005961	
0.063941	
0.119796	
0.17358	
0.225628	
0.006042	
0.06483	
0.12148	
0.176037	
0.228936	
0.005942	
0.06369	
0.119391	
0.172993	
0.224961	
0.005957	
0.063887	
0.119708	
0.173453	
0.225484	
0.005857	
0.062883	
0.117765	
0.170665	
0.221979	
0.00576	
0.061898	
0.115873	
0.167946	
0.218568	
0.005765	
0.061936	
0.115925	
0.168003	
0.21865	
0.005607	
0.060408	
0.113123	
0.16407	
0.213607	
0.005908	
0.063225	
0.118643	
0.171927	
0.223726	
0.005876	
0.06278	
0.117925	
0.17089	
0.222553	
0.02441	
0.258334	
0.480514	
0.691717	
0.915065	
0.024409	
0.258334	
0.480515	
0.691718	
0.915066	
0.02441	
0.258334	
0.480516	
0.691719	
0.915067	
0.005774	
0.062007	
0.116022	
0.168113	
0.218803	
0.02441	
0.258335	
0.480516	
0.69172	
0.915068	
0.005778	
0.062042	
0.116086	
0.168207	
0.218925	
0.005775	
0.062019	
0.116044	
0.168145	
0.218845	
0.005774	
0.062016	
0.116037	
0.168135	
0.218832	
0.005775	
0.062014	
0.116034	
0.16813	
0.218826	
0.005775	
0.062009	
0.116025	
0.168118	
0.21881	
0.005774	
0.062008	
0.116023	
0.168115	
0.218805	
0.005766	
0.061863	
0.115778	
0.167816	
0.218471	
0.005532	
0.058156	
0.109987	
0.160487	
0.210288	
0.020212	
0.210591	
0.384022	
0.547164	
0.716288	
0.020212	
0.210591	
0.384023	
0.547164	
0.716288	
0.02021	
0.210591	
0.384021	
0.547164	
0.716287	
0.00997	
0.11243	
0.220147	
0.332701	
0.441239	
0.009863	
0.111181	
0.217595	
0.328688	
0.435801	
0.009812	
0.110576	
0.216364	
0.326762	
0.4332	
0.009813	
0.110576	
0.216364	
0.326763	
0.433201	
0.009807	
0.110577	
0.216359	
0.326763	
0.433196	
0.009762	
0.110576	
0.21626	
0.326762	
0.433145	
0.009818	
0.11057	
0.216312	
0.326819	
0.433118	
0.009818	
0.11057	
0.216313	
0.326819	
0.433119	
0.009818	
0.11057	
0.216313	
0.326819	
0.433119	
0.005589	
0.060236	
0.112807	
0.163626	
0.213036	
0.00559	
0.060237	
0.112807	
0.163627	
0.213037	
0.005591	
0.06026	
0.11285	
0.163688	
0.213116	
0.005591	
0.06026	
0.112851	
0.163688	
0.213117	
0.0056	
0.060348	
0.113013	
0.163918	
0.21341	
0.032006	
0.377712	
0.766265	
1.18181	
1.65117	
0.021938	
0.228355	
0.416263	
0.593215	
0.777394	
0.021919	
0.228092	
0.415725	
0.592403	
0.776281	
0.004534	
0.059448	
0.11089	
0.161714	
0.211102	
0.004479	
0.059406	
0.110787	
0.161611	
0.210997	
0.004377	
0.059371	
0.110656	
0.161538	
0.210871	
0.004309	
0.059347	
0.110569	
0.161489	
0.210788	
0.004479	
0.059407	
0.11079	
0.161614	
0.211001	
0.031032	
0.36095	
0.731538	
1.13176	
1.55961	
0.032249	
0.374346	
0.754118	
1.16129	
1.60498	
0.023408	
0.284941	
0.591345	
0.91283	
1.23494	
0.005532	
0.058156	
0.109985	
0.160485	
0.210285	
0.024675	
0.296133	
0.618134	
0.970131	
1.31024	
0.024641	
0.295833	
0.616476	
0.965254	
1.30267	
0.024597	
0.295454	
0.614488	
0.95944	
1.29369	
0.024597	
0.295454	
0.614488	
0.95944	
1.29369	
0.024555	
0.295178	
0.613931	
0.958078	
1.29203	
0.024538	
0.29507	
0.613714	
0.957548	
1.29139	
0.02389	
0.290846	
0.605199	
0.936729	
1.26598	
0.023994	
0.291523	
0.606565	
0.940072	
1.27006	
0.023437	
0.284974	
0.592238	
0.917376	
1.24183	
0.023513	
0.286099	
0.594427	
0.919667	
1.24438	
0.023603	
0.287419	
0.596996	
0.922356	
1.24737	
0.023808	
0.290346	
0.604531	
0.934405	
1.26357	
0.022269	
0.245673	
0.465106	
0.678248	
0.906242	
0.02022	
0.210696	
0.384224	
0.547461	
0.71669	
0.020262	
0.211201	
0.385193	
0.548888	
0.718617	
0.020207	
0.210543	
0.383929	
0.547028	
0.716106	
0.025058	
0.29841	
0.621949	
0.9812	
1.32754	
0.026479	
0.313499	
0.656882	
1.0202	
1.39296	
0.026372	
0.312521	
0.654983	
1.0172	
1.38851	
0.026048	
0.309586	
0.649283	
1.00821	
1.37514	
0.026052	
0.309618	
0.649345	
1.0083	
1.37529	
0.025738	
0.306822	
0.643544	
0.998889	
1.36113	
0.010177	
0.114813	
0.224991	
0.340148	
0.451135	
0.009959	
0.112267	
0.21982	
0.332104	
0.440334	
0.010188	
0.114943	
0.225263	
0.340583	
0.451732	
0.010022	
0.113004	
0.221373	
0.334601	
0.443789	
0.010023	
0.113021	
0.221411	
0.334658	
0.443865	
0.010022	
0.11302	
0.221411	
0.334659	
0.443866	
0.010022	
0.11302	
0.221411	
0.334659	
0.443866	
0.010022	
0.11302	
0.221411	
0.334659	
0.443866	
0.009812	
0.110576	
0.216364	
0.326763	
0.433202	
