0.021555	
0.254611	
0.535506	
0.846155	
1.14475	
0.021942	
0.259081	
0.544534	
0.858196	
1.15727	
0.02213	
0.261262	
0.54894	
0.864073	
1.16337	
0.022128	
0.261219	
0.548864	
0.863912	
1.16319	
0.021418	
0.250912	
0.52892	
0.824919	
1.11653	
0.021534	
0.253118	
0.534991	
0.834739	
1.12944	
0.020634	
0.238003	
0.49837	
0.775745	
1.05353	
0.02066	
0.23839	
0.498906	
0.776362	
1.05449	
0.02186	
0.25605	
0.54244	
0.847027	
1.1478	
0.022676	
0.26354	
0.55893	
0.873928	
1.18818	
0.022252	
0.247737	
0.494615	
0.755034	
1.02416	
0.022296	
0.249566	
0.497917	
0.759741	
1.03085	
0.022359	
0.252946	
0.504099	
0.768608	
1.04352	
0.022791	
0.274644	
0.545675	
0.829566	
1.13198	
0.022826	
0.275274	
0.546484	
0.830459	
1.13315	
0.023112	
0.289001	
0.589355	
0.900706	
1.23668	
0.024116	
0.299478	
0.632765	
0.974196	
1.34732	
0.024798	
0.303728	
0.643085	
0.991204	
1.37292	
0.02616	
0.313242	
0.660415	
1.01867	
1.4139	
0.023146	
0.27606	
0.547472	
0.831532	
1.13443	
0.027591	
0.324158	
0.676914	
1.04328	
1.44988	
0.023254	
0.277363	
0.549371	
0.833566	
1.13676	
0.023282	
0.277714	
0.549868	
0.834092	
1.13736	
0.023254	
0.277363	
0.549371	
0.833566	
1.13676	
0.023293	
0.278161	
0.551445	
0.837062	
1.14222	
0.024361	
0.289178	
0.606832	
0.946129	
1.32552	
0.02619	
0.302438	
0.630669	
0.98906	
1.39765	
0.032599	
0.363608	
0.713674	
1.08937	
1.53889	
0.02109	
0.225868	
0.424823	
0.620162	
0.830909	
0.021373	
0.228972	
0.430511	
0.628181	
0.840837	
0.021373	
0.228973	
0.430511	
0.62818	
0.840837	
0.021546	
0.23089	
0.434045	
0.633207	
0.847133	
0.021577	
0.231224	
0.434661	
0.634082	
0.848229	
0.01679	
0.171219	
0.324396	
0.47628	
0.651502	
0.017232	
0.174133	
0.328153	
0.481497	
0.658129	
0.017232	
0.174133	
0.328153	
0.481497	
0.658129	
0.017241	
0.17419	
0.328226	
0.481599	
0.658274	
0.022101	
0.228479	
0.422214	
0.608356	
0.802084	
0.022468	
0.238107	
0.445101	
0.646595	
0.860281	
0.017239	
0.174178	
0.328201	
0.481554	
0.658106	
0.017624	
0.178429	
0.335612	
0.490769	
0.668884	
0.017195	
0.173968	
0.327734	
0.480571	
0.654934	
0.018904	
0.192673	
0.360104	
0.523103	
0.70564	
0.017188	
0.173912	
0.327604	
0.480247	
0.653945	
0.01719	
0.173814	
0.327349	
0.479434	
0.651923	
0.01719	
0.173809	
0.327336	
0.479403	
0.651828	
0.017197	
0.173697	
0.327048	
0.478601	
0.649442	
0.022101	
0.22848	
0.422216	
0.608359	
0.802087	
0.02174	
0.223794	
0.412639	
0.593649	
0.782037	
0.017192	
0.173648	
0.326798	
0.47813	
0.648281	
0.017186	
0.173587	
0.326484	
0.477539	
0.64683	
0.020227	
0.205122	
0.376288	
0.539615	
0.710861	
0.02061	
0.209175	
0.382785	
0.547815	
0.719579	
0.020595	
0.208998	
0.382441	
0.547303	
0.718887	
0.019106	
0.192616	
0.3513	
0.501541	
0.657329	
0.023548	
0.273393	
0.570236	
0.909223	
1.22575	
0.023147	
0.268992	
0.56172	
0.896968	
1.21249	
0.023097	
0.266906	
0.542851	
0.852256	
1.15016	
0.022663	
0.264198	
0.555635	
0.882783	
1.19126	
0.022645	
0.26402	
0.555398	
0.882229	
1.19045	
0.023337	
0.269778	
0.548667	
0.861323	
1.16213	
0.023332	
0.269708	
0.548255	
0.86041	
1.16092	
0.023298	
0.269291	
0.547407	
0.859079	
1.15912	
0.023145	
0.267398	
0.543564	
0.853047	
1.15097	
0.023162	
0.26762	
0.544014	
0.853754	
1.15192	
0.023664	
0.274594	
0.572338	
0.912167	
1.23062	
0.023804	
0.276061	
0.574906	
0.915765	
1.23656	
0.022405	
0.262435	
0.552919	
0.875186	
1.17997	
0.025211	
0.29053	
0.600082	
0.949971	
1.29283	
0.023443	
0.273	
0.555193	
0.870559	
1.17662	
0.008904	
0.095548	
0.186743	
0.282946	
0.374802	
0.008942	
0.096005	
0.187672	
0.284401	
0.376748	
0.009321	
0.10051	
0.196943	
0.299079	
0.396568	
0.026924	
0.308304	
0.631616	
0.99124	
1.35842	
0.026924	
0.308304	
0.631616	
0.99124	
1.35842	
0.023563	
0.276333	
0.562465	
0.881326	
1.19348	
0.023573	
0.276652	
0.563191	
0.882416	
1.19521	
0.024648	
0.307775	
0.636867	
0.994819	
1.37637	
0.009034	
0.09707	
0.189891	
0.287963	
0.381617	
0.009037	
0.097104	
0.189957	
0.288064	
0.38175	
0.024525	
0.281476	
0.593038	
0.928078	
1.26848	
0.027234	
0.311254	
0.63921	
0.997965	
1.37072	
0.028061	
0.320127	
0.652736	
1.01856	
1.40127	
0.009034	
0.097071	
0.189892	
0.287964	
0.381619	
0.008984	
0.096691	
0.189131	
0.286778	
0.380048	
0.009031	
0.097045	
0.189841	
0.287885	
0.381514	
0.009034	
0.09707	
0.189892	
0.287964	
0.381619	
0.009034	
0.097071	
0.189892	
0.287964	
0.381619	
0.008981	
0.09665	
0.189044	
0.28664	
0.379859	
0.024832	
0.311552	
0.646007	
1.0089	
1.3993	
0.024924	
0.313438	
0.650576	
1.01595	
1.41077	
0.032062	
0.362811	
0.724534	
1.11188	
1.54694	
0.025237	
0.314787	
0.653724	
1.02072	
1.41852	
0.025897	
0.318372	
0.661083	
1.03173	
1.43638	
0.027101	
0.325289	
0.672977	
1.04908	
1.46425	
0.025898	
0.318372	
0.661083	
1.03173	
1.43638	
0.038485	
0.42697	
0.82179	
1.22849	
1.71588	
0.036858	
0.407278	
0.782019	
1.16692	
1.62499	
0.036978	
0.408472	
0.783859	
1.16899	
1.62725	
0.038485	
0.42697	
0.82179	
1.22849	
1.71588	
0.023571	
0.253638	
0.477437	
0.697514	
0.935644	
0.036979	
0.408475	
0.783863	
1.16899	
1.62726	
0.036978	
0.408474	
0.783864	
1.169	
1.62726	
0.036977	
0.408474	
0.783863	
1.16899	
1.62726	
0.036977	
0.408474	
0.783863	
1.16899	
1.62726	
0.036977	
0.408474	
0.783863	
1.16899	
1.62726	
0.004817	
0.047204	
0.088141	
0.128178	
0.168052	
0.004817	
0.047204	
0.088141	
0.128178	
0.168052	
0.004817	
0.047203	
0.088141	
0.128177	
0.16805	
0.004816	
0.047202	
0.08814	
0.128175	
0.16805	
0.004816	
0.047202	
0.08814	
0.128176	
0.168049	
0.022851	
0.245462	
0.461441	
0.673142	
0.900254	
0.022543	
0.241927	
0.454456	
0.662407	
0.884528	
0.022498	
0.241423	
0.453512	
0.661034	
0.882625	
0.017825	
0.189831	
0.356206	
0.518758	
0.691365	
0.008607	
0.089038	
0.166839	
0.242862	
0.321665	
0.006848	
0.069639	
0.1303	
0.1895	
0.249992	
0.00656	
0.066507	
0.124428	
0.180963	
0.238575	
0.006038	
0.060751	
0.113596	
0.165153	
0.217354	
0.005883	
0.059072	
0.110443	
0.160565	
0.211212	
0.005758	
0.05769	
0.107843	
0.156772	
0.206119	
0.005037	
0.04984	
0.093131	
0.135386	
0.177532	
0.005113	
0.050679	
0.094707	
0.13768	
0.180602	
0.005022	
0.049722	
0.092876	
0.135045	
0.17715	
0.005033	
0.049814	
0.093076	
0.135313	
0.17745	
0.004934	
0.048693	
0.091	
0.132358	
0.173617	
0.004839	
0.047637	
0.089033	
0.129558	
0.169992	
0.004854	
0.047765	
0.089228	
0.129804	
0.170296	
0.00482	
0.047248	
0.088234	
0.12832	
0.168252	
0.004994	
0.049503	
0.092497	
0.134431	
0.176441	
0.004967	
0.049293	
0.092048	
0.133829	
0.175767	
0.022101	
0.228481	
0.422218	
0.608362	
0.802091	
0.022101	
0.228482	
0.422219	
0.608363	
0.802092	
0.022102	
0.228482	
0.42222	
0.608363	
0.802093	
0.004879	
0.048004	
0.089592	
0.130262	
0.170864	
0.022102	
0.228482	
0.422221	
0.608364	
0.802094	
0.004883	
0.048031	
0.089642	
0.130335	
0.170959	
0.00488	
0.048013	
0.08961	
0.130287	
0.170897	
0.004881	
0.048011	
0.089605	
0.130281	
0.170888	
0.00488	
0.048009	
0.089602	
0.130276	
0.170882	
0.004879	
0.048005	
0.089595	
0.130266	
0.170869	
0.00488	
0.048005	
0.089594	
0.130264	
0.170866	
0.004875	
0.047973	
0.089534	
0.130192	
0.170783	
0.004768	
0.047211	
0.088105	
0.128458	
0.168827	
0.017904	
0.179392	
0.32617	
0.464623	
0.607681	
0.017903	
0.179391	
0.32617	
0.464624	
0.607681	
0.017904	
0.179391	
0.326169	
0.464624	
0.607681	
0.008966	
0.096476	
0.188681	
0.286057	
0.379063	
0.008874	
0.095358	
0.186383	
0.282418	
0.374147	
0.00883	
0.094826	
0.185292	
0.2807	
0.371835	
0.008831	
0.094826	
0.185293	
0.2807	
0.371836	
0.008831	
0.094827	
0.185293	
0.280701	
0.371836	
0.008831	
0.094827	
0.185293	
0.280701	
0.371836	
0.00883	
0.094826	
0.185293	
0.2807	
0.371836	
0.00883	
0.094826	
0.185293	
0.280701	
0.371837	
0.00883	
0.094826	
0.185293	
0.280701	
0.371837	
0.004817	
0.047203	
0.08814	
0.128176	
0.16805	
0.004817	
0.047203	
0.08814	
0.128176	
0.16805	
0.004818	
0.04721	
0.088154	
0.128198	
0.16808	
0.004818	
0.04721	
0.088155	
0.128198	
0.16808	
0.004819	
0.047232	
0.088202	
0.128271	
0.168183	
0.02966	
0.341267	
0.696148	
1.08138	
1.51499	
0.019499	
0.195552	
0.355586	
0.506609	
0.663502	
0.019476	
0.195271	
0.355033	
0.505781	
0.662386	
0.004794	
0.046784	
0.087325	
0.127175	
0.166835	
0.004792	
0.046761	
0.087281	
0.127122	
0.166769	
0.004792	
0.046751	
0.087261	
0.127098	
0.166741	
0.00479	
0.046742	
0.087247	
0.12708	
0.166721	
0.004792	
0.046762	
0.087283	
0.127125	
0.166773	
0.028754	
0.327471	
0.665033	
1.03447	
1.42617	
0.029957	
0.340491	
0.687157	
1.06353	
1.47126	
0.021262	
0.248291	
0.522801	
0.815168	
1.10406	
0.004768	
0.04721	
0.088102	
0.128455	
0.168824	
0.022388	
0.262366	
0.552685	
0.874532	
1.179	
0.022269	
0.261856	
0.550953	
0.869695	
1.17177	
0.022127	
0.261218	
0.548864	
0.863912	
1.16319	
0.022127	
0.261218	
0.548864	
0.863912	
1.16319	
0.022096	
0.260802	
0.548151	
0.862414	
1.16146	
0.022085	
0.26064	
0.547874	
0.861832	
1.16078	
0.021619	
0.254283	
0.536987	
0.838938	
1.1343	
0.021695	
0.255303	
0.538735	
0.842613	
1.13855	
0.021195	
0.248593	
0.524057	
0.819581	
1.11064	
0.021291	
0.249588	
0.526142	
0.821869	
1.11317	
0.021403	
0.250753	
0.528588	
0.824554	
1.11613	
0.021572	
0.253466	
0.535876	
0.836199	
1.13162	
0.020712	
0.221696	
0.416299	
0.606618	
0.809506	
0.017914	
0.179495	
0.326366	
0.46491	
0.608067	
0.017958	
0.179989	
0.327303	
0.466286	
0.609914	
0.017898	
0.179344	
0.326081	
0.464495	
0.607508	
0.022781	
0.265391	
0.557212	
0.886318	
1.19647	
0.024298	
0.279114	
0.588944	
0.921676	
1.25903	
0.024192	
0.27815	
0.587022	
0.91865	
1.25459	
0.023873	
0.275256	
0.581258	
0.909572	
1.24126	
0.023877	
0.275288	
0.58132	
0.90967	
1.24141	
0.02356	
0.272172	
0.575391	
0.900224	
1.22738	
0.009161	
0.098574	
0.192901	
0.292589	
0.387702	
0.008972	
0.096347	
0.188369	
0.285493	
0.378209	
0.009171	
0.098697	
0.193159	
0.293003	
0.388268	
0.009032	
0.097053	
0.189856	
0.287906	
0.381543	
0.009034	
0.097071	
0.189892	
0.287964	
0.381619	
0.009034	
0.09707	
0.189892	
0.287964	
0.381619	
0.009034	
0.09707	
0.189892	
0.287964	
0.381619	
0.009034	
0.09707	
0.189892	
0.287964	
0.381619	
0.008831	
0.094826	
0.185292	
0.280701	
0.371836	
