0	
0	
0	
0	
0	
0	
0	
0	
0	
0	
0.359784	
4.75206	
7.76134	
15.321	
17.4194	
1.66166	
23.205	
49.6002	
69.3343	
83.3471	
0	
0	
0	
9.63472	
16.2522	
0	
0	
39.6626	
61.7355	
83.3371	
2.4701	
22.824	
34.3057	
43.7171	
55.1306	
2.47048	
22.8244	
34.3042	
43.7156	
55.1328	
0	
0	
0	
15.0717	
27.0697	
2.47048	
22.8244	
34.3057	
43.7171	
55.1306	
0	
0	
0	
5.63803	
10.9248	
0	
18.6975	
43.1538	
59.4313	
75.6749	
0	
7.55395	
32.0091	
48.2866	
64.534	
0	
0	
32.8465	
49.1229	
65.3703	
0	
0	
27.314	
43.5915	
59.8351	
0	
0	
0	
0	
0	
0	
0	
21.7811	
38.0563	
54.3037	
0	
0	
0	
0	
0	
0	
0	
0	
0	
0	
0	
16.6779	
42.9187	
64.7511	
88.0891	
0	
5.14727	
31.3903	
53.22	
76.5625	
0	
0	
26.839	
48.6687	
72.0112	
0	
0	
0	
22.4022	
45.743	
0	
0	
0	
0	
0	
0	
0	
0	
0	
0	
0	
0	
0	
0	
0	
0	
0	
0	
0	
0	
0	
0	
0	
0	
0	
0	
0	
0	
0	
0	
0	
0	
0	
0	
0	
3.09984	
27.6814	
47.0156	
63.5785	
80.9133	
0	
0.622825	
4.58161	
7.96512	
16.0038	
0	
0	
0	
0	
11.3287	
0	
2.34576	
6.27215	
9.62782	
17.6019	
0	
0	
0	
0	
0	
0	
0	
0	
0	
0	
0.19845	
3.81626	
7.77522	
11.1587	
19.1988	
0.246358	
4.73754	
9.65223	
13.8525	
23.8335	
0.19845	
3.81626	
7.77522	
11.1587	
19.1988	
0.198467	
3.81624	
7.7752	
11.1587	
19.1979	
0	
0	
0	
0	
0	
2.88454	
25.0481	
41.9965	
56.2159	
68.8508	
0.534066	
10.2693	
20.9227	
30.0275	
51.6597	
0.534066	
10.2693	
20.9227	
30.0275	
51.6597	
2.88454	
25.0472	
41.9956	
56.2149	
68.8499	
0	
0	
0	
0	
0	
2.72904	
23.3606	
39.1883	
52.563	
64.9762	
1.54216	
9.44904	
16.4736	
22.7026	
29.4707	
0	
0	
0	
0	
0	
0	
0	
5.76132	
18.1502	
25.0802	
0.0830735	
1.42388	
8.58149	
18.1615	
23.4882	
0.081412	
1.42388	
8.58149	
18.1599	
23.4865	
1.49532	
16.9935	
32.0863	
47.1093	
60.2781	
0.863539	
9.81364	
18.5296	
27.2053	
34.8102	
0	
0	
0	
0	
0	
1.49532	
16.9935	
32.0863	
47.1093	
60.2781	
0	
0	
0	
41.5688	
84.841	
0	
0	
0	
41.5688	
84.841	
0	
0	
8.62473	
21.0133	
27.9433	
0	
0	
0	
29.7839	
62.2278	
0	
13.3933	
21.3288	
26.7717	
34.6139	
0.501202	
5.81685	
11.5859	
17.7334	
23.257	
0	
0	
0	
0	
0	
0	
0	
0	
26.7798	
59.2237	
0	
11.1233	
19.059	
24.5019	
32.3441	
0	
23.3666	
41.3756	
53.7279	
71.525	
0	
17.6323	
35.639	
47.9952	
65.7922	
0	
0	
0	
0	
0	
0	
0	
29.1442	
51.2194	
72.8172	
0	
0	
29.2512	
51.6124	
73.4957	
0	
0	
0	
25.6535	
58.0975	
0	
0	
0	
0	
0	
0.144036	
1.72541	
3.47986	
5.39493	
7.15352	
0	
0	
0	
0	
0	
0.143659	
1.72503	
3.47948	
5.39455	
7.15352	
0	
13.703	
31.7097	
44.0621	
61.8592	
0	
13.703	
31.7097	
44.0621	
61.8592	
0	
0	
15.9981	
32.2753	
48.5196	
0	
2.46589	
23.9962	
38.7654	
60.0433	
0	
0	
29.4251	
41.7779	
59.5749	
0	
0	
25.7364	
38.0903	
55.8873	
0	
0	
0	
0	
0	
0	
0	
0	
40.6439	
86.6659	
0	
0	
0	
0	
21.8725	
0	
0	
0	
0	
18.533	
5.47832	
55.8073	
99.6063	
139.752	
185.741	
4.95478	
49.5607	
88.0028	
123.693	
164.918	
0	
0	
0	
0	
0	
0	
0	
0	
0	
0	
0	
0	
0	
0	
0	
0	
0	
0	
0	
0	
0	
0	
0	
0	
0	
0	
0	
0	
0	
0	
0	
0	
0	
0	
0	
0	
0	
0	
0	
0	
0	
0	
0	
0	
0	
5.16684	
51.6819	
91.7693	
128.988	
171.977	
4.95478	
49.5607	
88.0028	
123.694	
164.918	
3.09984	
27.6814	
47.0156	
63.5785	
80.9133	
0	
0	
0	
0	
0	
1.63113	
17.2305	
31.3772	
44.4569	
57.932	
1.56418	
16.5242	
30.0903	
42.6332	
55.5543	
2.08623	
22.0392	
40.133	
56.8621	
74.0956	
1.56418	
16.5242	
30.0903	
42.6332	
55.5543	
1.63113	
17.2314	
31.3781	
44.4579	
57.932	
1.56418	
16.5242	
30.0903	
42.6332	
55.5543	
1.63113	
17.2314	
31.3781	
44.4579	
57.932	
2.08623	
22.0392	
40.133	
56.8621	
74.0956	
0	
0	
0	
0	
0	
0	
0	
0	
0	
0	
1.36727	
14.9411	
27.1833	
37.4747	
47.8468	
1.31115	
14.3279	
26.0676	
35.9367	
45.883	
0	
0	
0	
0	
0	
0.469932	
4.50484	
7.92613	
10.7647	
13.6755	
0	
0	
0	
0	
0	
0	
0	
0	
0	
0	
0	
0	
0	
0	
0	
0	
0	
0	
0	
0	
0	
0	
0	
0	
0	
0	
0	
0	
0	
0	
0	
0	
0	
0	
0	
0	
0	
0	
0	
0	
0	
0	
0	
0	
0	
0	
0	
0	
0	
0	
0	
0	
0	
0	
0	
0	
0	
0	
0	
0	
0	
0	
0	
0	
0	
0	
0	
0	
0	
0	
0	
0	
0	
0	
0	
0	
0	
0	
0	
0	
0	
0	
0	
0	
0	
0.143659	
1.72503	
3.47948	
5.39455	
7.15352	
0.144036	
1.72503	
3.47948	
5.39643	
7.15352	
0.143282	
1.72315	
3.48023	
5.39568	
7.15276	
0	
0	
0	
0	
0	
0	
0	
0	
0	
0	
0	
0	
0	
0	
0	
0	
0	
0	
0	
0	
0	
0	
0	
0	
0	
0	
0	
0	
0	
0	
0.46923	
4.48869	
7.8943	
10.7254	
13.6276	
0	
0	
0	
0	
0	
0.469932	
4.50484	
7.92613	
10.7647	
13.6755	
0.469932	
4.50484	
7.92613	
10.7647	
13.6755	
0	
0	
0	
0	
0	
0	
0	
0	
1.01655	
2.23931	
0	
0	
0	
0	
11.9945	
2.35364	
21.0558	
35.1684	
47.0231	
57.7846	
3.13917	
28.0832	
46.9059	
62.7171	
77.0704	
0	
0	
0	
0	
0	
0	
0	
0	
0	
0	
0	
0	
0	
0	
0	
0	
0	
0	
0	
0	
0	
0	
0	
0	
0	
0	
0	
0	
36.877	
74.5923	
0	
0	
0	
49.1848	
99.4875	
0	
0	
0	
36.877	
74.5923	
1.23949	
18.586	
39.283	
57.9834	
70.5529	
0	
0	
0.64576	
1.00299	
1.22137	
0	
0	
20.5039	
41.4978	
53.2438	
0	
0	
20.5039	
41.4978	
53.2438	
0	
0	
20.5039	
41.4978	
53.2438	
0	
0	
0	
0	
0	
0	
0	
0	
0	
0	
0.361863	
4.75414	
7.76342	
15.323	
17.4214	
0.361863	
4.75414	
7.76342	
15.323	
17.4214	
0.784397	
10.3054	
16.8285	
33.2151	
37.7637	
0.784397	
10.3054	
16.8285	
33.2151	
37.7637	
0	
0	
0	
0	
0	
0	
0	
0	
0	
0	
0	
0	
0	
0	
0	
0	
0	
24.1721	
36.3465	
48.2609	
0	
0	
24.1721	
36.3465	
48.2609	
1.56418	
16.5242	
30.0903	
42.6332	
55.5543	
0.848507	
5.20958	
9.08402	
12.5217	
16.2547	
0.848507	
5.20958	
9.08402	
12.5217	
16.2547	
1.53839	
9.44527	
16.4698	
22.7026	
29.4707	
0.850587	
5.21166	
9.0861	
12.5217	
16.2547	
0	
0	
17.9325	
56.494	
78.0641	
0	
0	
21.1638	
66.6737	
92.1306	
0.361863	
4.75414	
7.76342	
15.323	
17.4214	
0	
0	
39.7198	
66.1102	
91.9367	
0	
0	
10.8127	
17.9968	
25.0274	
0	
0	
10.8127	
17.9968	
25.0274	
0	
0	
10.8127	
17.9968	
25.0274	
0	
0	
35.8283	
57.9008	
79.5024	
0	
0	
42.8357	
69.2253	
95.0518	
0	
0	
0	
0	
0	
0	
0	
0	
0	
0	
0	
0	
21.3241	
33.6768	
51.472	
1.56418	
16.5242	
30.0903	
42.6332	
55.5543	
0.501202	
5.81685	
11.5859	
17.7334	
23.257	
0.501202	
5.81685	
11.5859	
17.7334	
23.257	
0.580229	
6.76726	
13.5033	
20.7073	
27.2021	
0.580229	
6.76726	
13.5033	
20.7073	
27.2021	
0.0794436	
0.951659	
1.91933	
2.9756	
3.94556	
0.0794436	
0.951659	
1.91933	
2.9756	
3.94556	
0	
0	
0	
0	
0	
0	
0	
0	
0	
0	
0	
0	
0	
0	
0	
0	
0	
0	
0	
0	
0	
0	
0	
0	
0	
0	
0	
0	
0	
0	
0	
0	
0	
0	
0	
0	
0	
0	
0	
0	
