0.600951	
0.941574	
1.27507	
0	
0	
0.610088	
0.953678	
1.2877	
0	
0	
0.614548	
0.959586	
1.29387	
0	
0	
0.614488	
0.95944	
1.29369	
0	
0	
0.597343	
0.92272	
1.24778	
0	
0	
0.603637	
0.932907	
1.26131	
0	
0	
0.567298	
0.872657	
1.18275	
0	
0	
0.567647	
0.873184	
1.18364	
0	
0	
0.611162	
0.945513	
1.2803	
0	
0	
0.627453	
0.972674	
1.32154	
0	
0	
0.54989	
0.839912	
1.13778	
0	
0	
0.553152	
0.844944	
1.14505	
0	
0	
0.559369	
0.854532	
1.15892	
0	
0	
0.604202	
0.92362	
1.25871	
0	
0	
0.604865	
0.924337	
1.25988	
0	
0	
0.652398	
0.999578	
1.37066	
0	
0	
0.698277	
1.0754	
1.48567	
0	
0	
0.7084	
1.09192	
1.51101	
0	
0	
0.725354	
1.11834	
1.55101	
0	
0	
0.605246	
0.924766	
1.26054	
0	
0	
0.741841	
1.1422	
1.58599	
0	
0	
0.60586	
0.925447	
1.26146	
0	
0	
0.606055	
0.925658	
1.26173	
0	
0	
0.60586	
0.925447	
1.26146	
0	
0	
0.607881	
0.928886	
1.267	
0	
0	
0.670334	
1.04377	
1.46123	
0	
0	
0.691608	
1.08305	
1.53057	
0	
0	
0.778259	
1.1772	
1.66433	
0	
0	
0.477281	
0.695905	
0.929166	
0	
0	
0.482751	
0.70387	
0.939632	
0	
0	
0.482752	
0.70387	
0.939633	
0	
0	
0.486177	
0.708899	
0.946491	
0	
0	
0.486773	
0.709774	
0.947684	
0	
0	
0.374338	
0.550427	
0.745703	
0	
0	
0.377994	
0.554115	
0.75086	
0	
0	
0.377994	
0.554115	
0.75086	
0	
0	
0.378067	
0.554188	
0.750962	
0	
0	
0.480064	
0.691817	
0.914562	
0	
0	
0.498572	
0.724743	
0.966059	
0	
0	
0.378041	
0.55415	
0.750844	
0	
0	
0.385852	
0.564849	
0.762689	
0	
0	
0.377583	
0.553427	
0.748567	
0	
0	
0.41241	
0.602008	
0.804058	
0	
0	
0.377456	
0.553184	
0.747841	
0	
0	
0.377203	
0.552578	
0.746338	
0	
0	
0.377191	
0.552555	
0.746268	
0	
0	
0.376886	
0.551929	
0.744481	
0	
0	
0.480511	
0.691712	
0.915058	
0	
0	
0.470962	
0.677639	
0.894766	
0	
0	
0.376748	
0.55152	
0.743623	
0	
0	
0.376577	
0.551009	
0.742549	
0	
0	
0.434876	
0.623715	
0.822218	
0	
0	
0.44255	
0.633412	
0.833046	
0	
0	
0.442204	
0.632896	
0.832342	
0	
0	
0.410014	
0.585457	
0.768117	
0	
0	
0.634933	
1.00403	
1.35719	
0	
0	
0.626164	
0.991227	
1.34335	
0	
0	
0.60274	
0.940245	
1.27212	
0	
0	
0.620525	
0.977864	
1.32239	
0	
0	
0.620294	
0.977339	
1.32159	
0	
0	
0.608987	
0.949952	
1.28499	
0	
0	
0.608492	
0.94892	
1.28361	
0	
0	
0.607575	
0.947487	
1.28167	
0	
0	
0.603418	
0.941001	
1.27288	
0	
0	
0.603906	
0.941761	
1.27391	
0	
0	
0.637034	
1.00701	
1.3621	
0	
0	
0.639602	
1.01066	
1.36811	
0	
0	
0.61836	
0.970791	
1.31126	
0	
0	
0.664951	
1.04537	
1.42496	
0	
0	
0.616554	
0.96037	
1.30082	
0	
0	
0.217966	
0.329218	
0.436457	
0	
0	
0.219025	
0.330867	
0.438672	
0	
0	
0.229267	
0.346976	
0.46051	
0	
0	
0.697233	
1.08755	
1.49123	
0	
0	
0.697233	
1.08755	
1.49123	
0	
0	
0.624895	
0.972384	
1.31913	
0	
0	
0.625735	
0.973607	
1.32101	
0	
0	
0.709698	
1.09802	
1.516	
0	
0	
0.22141	
0.334657	
0.443864	
0	
0	
0.22149	
0.33478	
0.444024	
0	
0	
0.660871	
1.02654	
1.40244	
0	
0	
0.705821	
1.09532	
1.50418	
0	
0	
0.718968	
1.11558	
1.53456	
0	
0	
0.22141	
0.334657	
0.443864	
0	
0	
0.220628	
0.333467	
0.442288	
0	
0	
0.221359	
0.334579	
0.44376	
0	
0	
0.221411	
0.334659	
0.443866	
0	
0	
0.221412	
0.33466	
0.443867	
0	
0	
0.220537	
0.33332	
0.442087	
0	
0	
0.719936	
1.11341	
1.54042	
0	
0	
0.725055	
1.1211	
1.55263	
0	
0	
0.792316	
1.21047	
1.68111	
0	
0	
0.728015	
1.12572	
1.56025	
0	
0	
0.734843	
1.13619	
1.57752	
0	
0	
0.745593	
1.1523	
1.60392	
0	
0	
0.734844	
1.13619	
1.57752	
0	
0	
0.892062	
1.32862	
1.84966	
0	
0	
0.851105	
1.26553	
1.75687	
0	
0	
0.853089	
1.26791	
1.75936	
0	
0	
0.892062	
1.32862	
1.84966	
0	
0	
0.530267	
0.774958	
1.04051	
0	
0	
0.853094	
1.26792	
1.75937	
0	
0	
0.853094	
1.26792	
1.75937	
0	
0	
0.853094	
1.26792	
1.75937	
0	
0	
0.853094	
1.26792	
1.75937	
0	
0	
0.853094	
1.26792	
1.75937	
0	
0	
0.112808	
0.163627	
0.213039	
0	
0	
0.112808	
0.163627	
0.213039	
0	
0	
0.112807	
0.163627	
0.213038	
0	
0	
0.112808	
0.163626	
0.213038	
0	
0	
0.112807	
0.163626	
0.213036	
0	
0	
0.513428	
0.749491	
1.00374	
0	
0	
0.506056	
0.738248	
0.987368	
0	
0	
0.505122	
0.736848	
0.985369	
0	
0	
0.400623	
0.583776	
0.778513	
0	
0	
0.198852	
0.289106	
0.38141	
0	
0	
0.159539	
0.231576	
0.303722	
0	
0	
0.153305	
0.222489	
0.291501	
0	
0	
0.141627	
0.205409	
0.268449	
0	
0	
0.138257	
0.200494	
0.261833	
0	
0	
0.135454	
0.196395	
0.2563	
0	
0	
0.119796	
0.17358	
0.225628	
0	
0	
0.12148	
0.176037	
0.228936	
0	
0	
0.119391	
0.172993	
0.224961	
0	
0	
0.119708	
0.173453	
0.225484	
0	
0	
0.117765	
0.170665	
0.221979	
0	
0	
0.115873	
0.167946	
0.218568	
0	
0	
0.115925	
0.168003	
0.21865	
0	
0	
0.113123	
0.16407	
0.213607	
0	
0	
0.118643	
0.171927	
0.223726	
0	
0	
0.117925	
0.17089	
0.222553	
0	
0	
0.480514	
0.691717	
0.915065	
0	
0	
0.480515	
0.691718	
0.915066	
0	
0	
0.480516	
0.691719	
0.915067	
0	
0	
0.116022	
0.168113	
0.218803	
0	
0	
0.480516	
0.69172	
0.915068	
0	
0	
0.116086	
0.168207	
0.218925	
0	
0	
0.116044	
0.168145	
0.218845	
0	
0	
0.116037	
0.168135	
0.218832	
0	
0	
0.116034	
0.16813	
0.218826	
0	
0	
0.116025	
0.168118	
0.21881	
0	
0	
0.116023	
0.168115	
0.218805	
0	
0	
0.115778	
0.167816	
0.218471	
0	
0	
0.109987	
0.160487	
0.210288	
0	
0	
0.384022	
0.547164	
0.716288	
0	
0	
0.384023	
0.547164	
0.716288	
0	
0	
0.384021	
0.547164	
0.716287	
0	
0	
0.220147	
0.332701	
0.441239	
0	
0	
0.217595	
0.328688	
0.435801	
0	
0	
0.216364	
0.326762	
0.4332	
0	
0	
0.216364	
0.326763	
0.433201	
0	
0	
0.216359	
0.326763	
0.433196	
0	
0	
0.21626	
0.326762	
0.433145	
0	
0	
0.216312	
0.326819	
0.433118	
0	
0	
0.216313	
0.326819	
0.433119	
0	
0	
0.216313	
0.326819	
0.433119	
0	
0	
0.112807	
0.163626	
0.213036	
0	
0	
0.112807	
0.163627	
0.213037	
0	
0	
0.11285	
0.163688	
0.213116	
0	
0	
0.112851	
0.163688	
0.213117	
0	
0	
0.113013	
0.163918	
0.21341	
0	
0	
0.766265	
1.18181	
1.65117	
0	
0	
0.416263	
0.593215	
0.777394	
0	
0	
0.415725	
0.592403	
0.776281	
0	
0	
0.11089	
0.161714	
0.211102	
0	
0	
0.110787	
0.161611	
0.210997	
0	
0	
0.110656	
0.161538	
0.210871	
0	
0	
0.110569	
0.161489	
0.210788	
0	
0	
0.11079	
0.161614	
0.211001	
0	
0	
0.731538	
1.13176	
1.55961	
0	
0	
0.754118	
1.16129	
1.60498	
0	
0	
0.591345	
0.91283	
1.23494	
0	
0	
0.109985	
0.160485	
0.210285	
0	
0	
0.618134	
0.970131	
1.31024	
0	
0	
0.616476	
0.965254	
1.30267	
0	
0	
0.614488	
0.95944	
1.29369	
0	
0	
0.614488	
0.95944	
1.29369	
0	
0	
0.613931	
0.958078	
1.29203	
0	
0	
0.613714	
0.957548	
1.29139	
0	
0	
0.605199	
0.936729	
1.26598	
0	
0	
0.606565	
0.940072	
1.27006	
0	
0	
0.592238	
0.917376	
1.24183	
0	
0	
0.594427	
0.919667	
1.24438	
0	
0	
0.596996	
0.922356	
1.24737	
0	
0	
0.604531	
0.934405	
1.26357	
0	
0	
0.465106	
0.678248	
0.906242	
0	
0	
0.384224	
0.547461	
0.71669	
0	
0	
0.385193	
0.548888	
0.718617	
0	
0	
0.383929	
0.547028	
0.716106	
0	
0	
0.621949	
0.9812	
1.32754	
0	
0	
0.656882	
1.0202	
1.39296	
0	
0	
0.654983	
1.0172	
1.38851	
0	
0	
0.649283	
1.00821	
1.37514	
0	
0	
0.649345	
1.0083	
1.37529	
0	
0	
0.643544	
0.998889	
1.36113	
0	
0	
0.224991	
0.340148	
0.451135	
0	
0	
0.21982	
0.332104	
0.440334	
0	
0	
0.225263	
0.340583	
0.451732	
0	
0	
0.221373	
0.334601	
0.443789	
0	
0	
0.221411	
0.334658	
0.443865	
0	
0	
0.221411	
0.334659	
0.443866	
0	
0	
0.221411	
0.334659	
0.443866	
0	
0	
0.221411	
0.334659	
0.443866	
0	
0	
0.216364	
0.326763	
0.433202	
0	
0	
