7.309087e+00
7.321580e+00
7.327677e+00
7.327871e+00
7.365766e+00
7.364907e+00
7.392643e+00
7.393135e+00
7.367653e+00
7.375234e+00
7.441261e+00
7.441061e+00
7.440701e+00
7.437948e+00
7.438740e+00
7.440084e+00
7.443665e+00
7.447455e+00
7.456671e+00
7.440048e+00
7.468059e+00
7.442488e+00
7.443125e+00
7.442488e+00
7.443180e+00
7.447989e+00
7.460988e+00
7.544039e+00
7.769302e+00
7.779145e+00
7.779113e+00
7.785543e+00
7.786657e+00
7.664665e+00
7.685868e+00
7.685868e+00
7.686296e+00
7.824060e+00
7.823874e+00
7.686289e+00
7.696115e+00
7.686208e+00
7.731052e+00
7.686205e+00
7.686216e+00
7.686216e+00
7.686245e+00
7.822629e+00
7.825426e+00
7.686249e+00
7.686254e+00
7.811735e+00
7.829721e+00
7.829826e+00
7.891228e+00
7.348799e+00
7.335843e+00
7.447318e+00
7.330562e+00
7.330353e+00
7.445203e+00
7.447054e+00
7.447949e+00
7.452013e+00
7.451530e+00
7.350980e+00
7.353645e+00
7.328675e+00
7.379942e+00
7.447202e+00
8.290034e+00
8.285754e+00
8.253708e+00
7.413577e+00
7.413577e+00
7.447489e+00
7.447515e+00
7.451548e+00
8.219716e+00
8.220342e+00
7.394683e+00
7.426756e+00
7.436286e+00
8.219458e+00
8.220526e+00
8.219770e+00
8.218110e+00
8.218287e+00
8.220793e+00
7.452231e+00
7.452572e+00
7.509185e+00
7.453346e+00
7.456383e+00
7.462698e+00
7.456250e+00
7.608271e+00
7.621717e+00
7.623790e+00
7.608271e+00
7.809009e+00
7.621772e+00
7.621666e+00
7.621599e+00
7.621599e+00
7.621599e+00
8.875975e+00
8.875975e+00
8.879251e+00
8.879001e+00
8.879473e+00
7.819502e+00
7.823807e+00
7.821823e+00
8.092965e+00
8.648023e+00
8.751919e+00
8.769763e+00
8.801328e+00
8.810961e+00
8.818536e+00
8.864282e+00
8.859466e+00
8.863865e+00
8.864192e+00
8.872461e+00
8.879678e+00
8.883658e+00
8.879743e+00
8.863094e+00
8.862360e+00
7.820699e+00
7.820187e+00
7.819883e+00
8.891150e+00
7.819675e+00
8.660525e+00
8.811892e+00
8.836064e+00
8.847545e+00
8.878058e+00
8.885884e+00
8.891055e+00
8.888724e+00
7.941110e+00
7.941107e+00
7.941051e+00
8.221913e+00
8.233782e+00
8.241547e+00
8.240860e+00
8.240526e+00
8.240385e+00
8.240173e+00
8.239704e+00
8.239704e+00
8.879751e+00
8.879751e+00
8.879749e+00
8.879749e+00
8.879745e+00
7.478127e+00
7.834313e+00
7.834410e+00
8.860302e+00
8.859291e+00
8.859125e+00
8.859013e+00
8.851829e+00
7.448746e+00
7.471313e+00
7.370612e+00
8.888723e+00
7.328616e+00
7.328182e+00
7.327803e+00
7.327803e+00
7.329776e+00
7.330517e+00
7.359609e+00
7.354974e+00
7.354609e+00
7.359378e+00
7.365003e+00
7.365233e+00
7.928312e+00
7.940715e+00
7.938817e+00
7.941324e+00
7.331889e+00
7.392198e+00
7.391019e+00
7.387483e+00
7.387521e+00
7.384265e+00
8.261683e+00
8.282545e+00
8.261174e+00
8.219756e+00
8.219382e+00
8.218110e+00
8.218110e+00
8.218110e+00
8.240541e+00
