0.0
0.0
0.0
0.0
0.0
0.0
0.0
0.0
0.0
0.0
0.6183911473716748
2.9158905122527443
5.736053617364014
13.220593386242193
15.80783297191298
2.0161402314426446
22.558622061068025
46.95840055959907
66.63659055490056
81.26909560706544
0.0
0.0
9.713742630380453
13.245237526468712
19.794838925707037
0.0
0.0
42.42486732198152
64.53267853571055
86.37134671903738
0.7672725589316762
18.06651813464423
28.98773750951303
39.97256633973187
51.912781287116715
0.7672725589316762
18.066518134644227
28.987737509513032
39.97256633973188
51.91278128711671
0.0
0.0
14.660226144800575
21.063062672627314
32.937820587120825
0.7672725589316727
18.066518134644227
28.987699803848926
39.97252863406777
51.91278128711671
0.0
0.0
5.2244594401923505
8.045818399379572
13.278335969464601
0.0
24.384290684243535
50.212218130186265
65.82609593160389
82.60858538071764
0.0
10.660635530219107
36.48860068182595
52.102440777579446
68.8849302266932
0.0
0.0
32.72188024877488
48.335758050192474
65.11820979364214
0.0
0.0
25.908127393500237
41.52200519491783
58.304456938367494
0.0
0.0
0.0
0.0
2.8488064449247603
0.0
0.0
19.094374538225598
34.708252339643195
51.490741788756964
0.0
0.0
0.0
0.0
0.0
0.0
0.0
0.0
0.0
0.0
2.3016649064899175
29.26559017009179
53.322467170773606
73.74506049964934
97.86437371662842
0.0
19.351034584193012
43.407911584874824
63.830549994051125
87.94981813072964
0.0
0.0
27.511425514092892
47.934063923269186
72.05333205994768
0.0
0.0
0.0
15.584034507492252
39.70334772447132
0.0
0.0
0.0
0.0
0.0
0.0
0.0
0.0
0.0
0.0
0.0
0.0
0.0
0.0
0.0
0.0
0.0
0.0
0.0
0.0
0.0
0.0
0.0
28.921111601034376
28.56524554318401
0.0
0.0
0.0
0.0
0.0
0.0
0.0
0.0
13.500411538275012
13.34230116095968
0.0
22.11974785559058
42.82970552640714
59.87132877732662
77.13277514079297
0.0
0.0
3.2995280340004336
7.925789426960937
14.22799066491013
0.0
0.0
0.0
0.0
0.0
0.0
0.0
4.336553214223925
8.924736072209978
15.175103443295695
0.0
0.0
0.0
0.0
0.0
0.0
0.0
0.0
0.0
0.0
0.0
0.22897357884572767
4.053257859829157
8.679502500259748
14.981720490738855
0.0
0.2842498806886189
5.031751125455855
10.77481324514589
18.598443905495245
0.0
0.22897357884572767
4.053257859829157
8.679502500259748
14.981720490738855
0.0
0.9325798351758818
4.75686411615931
9.3831087565899
15.68532674706901
0.0
0.0
0.0
0.0
0.0
2.8495943075635335
27.03689948491499
45.34459197891569
60.095099155173536
73.80831285622784
0.0
3.266879222114722
13.557855317820009
26.006870482381256
42.96585415743021
0.0
3.266879222114722
13.557855317820009
26.006870482381256
42.96585415743021
2.8495943075635317
27.036899484914997
45.344591978915695
60.09508995408893
73.80831285622784
0.0
0.0
0.0
0.0
0.0
2.65817494322442
25.33629981978613
42.30783840918998
56.14217518812164
69.31695981965105
1.067258822574125
8.601717741607189
14.733035782192914
22.08990102327776
28.881671476377505
0.0
0.0
0.0
0.0
0.0
0.0
0.0
5.029601094069287
17.54367371677831
25.089750480304968
0.0
2.259200557292772
9.710395429395817
19.306697708331797
25.073926194573744
0.0
2.259200557292772
9.710395429395845
19.306681093631013
25.07394280927457
1.5470114070871972
16.729890530361786
31.766610130613927
46.680763082993295
60.11580891049449
0.8933890263548392
9.661402975744593
18.345010751160892
26.957837084562605
34.716488672958754
0.0
0.0
0.0
0.0
0.0
1.5470114070871972
16.729890530361786
31.766610130613927
46.680763082993295
60.11580891049449
0.0
0.0
0.0
42.844366902754835
85.77629423397943
0.0
0.0
0.0
42.844366902754835
85.77629423397943
0.0
0.0
8.55603445689784
21.070107079606867
28.61619611509266
0.0
0.0
0.0
30.42085598260342
62.60970957514362
1.5994307881416212
14.523125968824276
22.108634082272538
27.426484755715926
35.09430209697517
0.5241611057123237
5.984033978596898
11.90804855745229
18.153726357306383
23.931477443998844
0.0
0.0
0.0
0.0
0.0
0.0
0.0
0.0
26.721256277183144
58.910119070807966
1.5994307881416217
14.523125968824278
22.108634082272538
27.42648475571592
35.09430209697518
3.6297734610111756
32.95901117034946
50.173682941468
62.2420971468197
79.64356277792875
0.0
29.32920000367418
46.543909480456826
58.612323685808505
76.01378931691757
0.0
0.0
0.0
0.0
0.0
0.0
0.0
29.471350357360972
51.579123865425885
73.41782975441684
0.0
0.0
29.51935650088504
51.91550331541633
74.03903506628795
0.0
0.0
0.0
25.33376032043228
57.52261391297248
0.0
0.0
0.0
0.0
0.0
0.1548948681552571
1.7274095897752586
3.468506335621684
5.354996122268176
7.136965808007566
0.0
0.0
0.0
0.0
0.0
0.154857162491151
1.7273718841111503
3.4684686299575773
5.354996122268176
7.136928102343457
0.0
26.098427880252814
43.313099651371346
55.381551562387145
72.7829794878321
0.0
26.098427880252814
43.313099651371346
55.381551562387145
72.7829794878321
0.0
0.0
0.0
27.586331091614685
44.36882054072846
0.0
14.064062012983749
34.64565356198972
49.0744602869309
69.87937964498852
0.0
0.0
30.768198968688107
42.836613174039805
60.238078805148874
0.0
0.0
26.22511891165536
38.293570822671164
55.69503645378023
0.0
0.0
0.0
0.0
0.0
0.0
0.0
0.0
38.14985907039893
84.00958297259328
0.0
0.0
0.0
0.0
0.0
0.0
0.0
0.0
0.0
0.0
5.502386616287922
56.452610581961125
100.54533059135716
140.42229765166198
186.5734383057958
5.032588436909407
50.479376862648564
89.66196567028175
125.37062057377233
166.59886812178178
0.0
0.0
0.0
0.0
0.0
0.0
0.0
0.0
0.0
0.0
0.0
0.0
0.0
0.0
0.0
0.0
0.0
0.0
0.0
0.0
0.0
0.0
0.0
0.0
0.0
0.0
0.0
0.0
0.0
0.0
0.0
0.0
0.0
0.0
0.0
0.0
0.0
0.0
0.0
0.0
0.0
0.0
0.0
0.0
0.0
5.247978093876526
52.63985234951875
93.49940643676288
130.7363553835356
173.72912991563
5.032588436909407
50.47938606373316
89.66196567028175
125.3706205737723
166.5988681217817
0.0
18.665890718078842
39.375848388895406
56.417462438730254
73.67891800328125
0.0
0.0
0.0
0.0
0.0
1.5478846891093667
16.59090327050751
30.631707677749603
43.61593331134341
57.2755426650682
1.4843557744973452
15.90997265298489
29.374508640138373
41.825848792696064
54.92483488916366
1.9797615364336707
21.219947700716318
39.17829091686298
55.785282808299996
73.25607335974092
1.4843741766666199
15.90997265298489
29.374508640138373
41.82583039052682
54.924816486994416
1.547903878872745
16.59090327050754
30.63170767774966
43.61593331134344
57.27554266506823
1.4843741766666199
15.90997265298489
29.374508640138373
41.82583039052682
54.924816486994416
1.547903878872745
16.59090327050754
30.63170767774966
43.61593331134344
57.27554266506823
1.9797860803519711
21.219947700716318
39.17829091686298
55.78525826438164
73.25604881582262
0.0
0.0
0.0
0.0
0.0
0.0
0.0
0.0
0.0
0.0
1.2177344060296775
12.468232087618475
23.61007732927598
33.01468289224056
40.7968515355883
1.1677556539654859
11.956524224109842
22.64109971206929
31.659717618476805
39.12247812184063
0.0
0.0
0.0
0.0
0.0
0.3711668513298534
3.65718867665435
6.549209346506267
9.01044168994995
11.300925767507373
0.0
0.0
0.0
0.0
0.0
0.0
0.0
0.0
0.0
0.0
0.0
0.0
0.0
0.0
0.0
0.0
0.0
0.0
0.0
0.0
0.0
0.0
0.0
0.0
0.0
0.0
0.0
0.0
0.0
0.0
0.0
0.0
0.0
0.0
0.0
0.0
0.0
0.0
0.0
0.0
0.0
0.0
0.0
0.0
0.0
0.0
0.0
0.0
0.0
0.0
0.0
0.0
0.0
0.0
0.0
0.0
0.0
0.0
0.0
0.0
0.0
0.0
0.0
0.0
0.0
0.0
0.0
0.0
0.0
0.0
0.0
0.0
0.0
0.0
0.0
0.0
0.0
0.0
0.0
0.0
0.0
0.0
0.0
0.0
0.0
0.154857162491151
1.7273718841111503
3.4684686299575773
5.354996122268176
7.136928102343457
0.15485716249115455
1.7273718841111503
3.46846862995757
5.354996122268176
7.136928102343461
0.15485716249113324
1.7273718841111432
3.46846862995757
5.354996122268176
7.136928102343454
0.0
0.0
0.0
0.0
0.0
0.0
0.0
0.0
0.0
0.0
0.0
0.0
0.0
0.0
0.0
0.0
0.0
0.0
0.0
0.0
0.0
0.0
0.0
0.0
0.0
0.0
0.0
0.0
0.0
0.0
0.35196469231674854
3.6251874185988626
6.480926422249645
8.94122966671366
11.230272119657805
0.0
0.0
0.0
0.0
0.0
0.3711668513298534
3.65718867665435
6.549209346506267
9.01044168994995
11.300925767507373
0.3711668513298534
3.65718867665435
6.549209346506267
9.01044168994995
11.300925767507373
0.0
0.0
0.0
0.0
0.0
0.0
0.0
0.0
0.935634883375727
2.154081588727748
0.0
0.0
0.0
0.0
10.781972357318335
2.39774744426969
23.237283989725157
38.71262500873161
50.75171976618024
62.26914983027324
3.197998920342796
30.992759178385548
51.63301634516691
67.69017537925859
83.05156341790233
0.0
0.0
0.0
0.0
0.0
0.0
0.0
0.0
0.0
0.0
0.0
0.0
0.0
0.0
0.0
0.0
0.0
0.0
0.0
0.0
0.0
0.0
0.0
0.0
0.0
0.0
0.0
0.0
36.35051336517742
73.86854315612037
0.0
0.0
0.0
48.482546722576515
98.52227006857251
0.0
0.0
0.0
36.35051336517742
73.86854315612037
1.7232597024890453
17.310085688590064
36.06718794496133
55.16032397161112
68.2263975587959
0.0
0.0
0.0
0.0
0.0
0.0
0.0
21.750647806266045
42.95768955229505
55.74571068814779
0.0
0.0
21.750647806266045
42.95768955229505
55.74571068814779
0.0
0.0
21.750647806266045
42.95768955229505
55.74571068814779
0.0
0.0
0.0
0.0
0.0
0.0
0.0
0.0
0.0
0.0
0.6183911473716748
2.9158905122527514
5.736053617364021
13.2205933862422
15.807832971912987
0.6183911473716748
2.9158905122527514
5.736053617364021
13.2205933862422
15.807832971912987
1.340462737616349
6.3206638634084555
12.433823103267272
28.657772477430584
34.266032350842366
1.340462737616349
6.3206638634084555
12.433823103267272
28.657772477430584
34.266032350842366
0.0
0.0
0.0
0.0
0.0
0.0
0.0
0.0
0.0
0.0
0.0
0.0
0.0
0.0
0.0
0.0
0.0
26.227978565225126
38.42162879164848
50.46687346139975
0.0
0.0
26.227978565225126
38.42162879164848
50.46687346139975
1.484346573412779
15.909972652984862
29.374508640138345
41.82583039052682
54.92479808482517
0.5886518051573972
4.744319343117731
8.12607769099425
12.183792570332741
15.929826665219927
0.5886518051573972
4.744319343117731
8.12607769099425
12.183792570332741
15.929826665219927
1.067258822574125
8.601717741607182
14.733035782192921
22.089901023277754
28.881671476377512
0.5886518051574043
4.744319343117731
8.126077690994258
12.183792570332741
15.929826665219935
0.0
0.0
15.655026028526063
54.606053946502016
78.09380693859606
0.0
0.0
18.475935789418884
64.44562561510502
92.1656827602619
0.6183911473716748
2.9158905122527514
5.736053617364021
13.2205933862422
15.807832971912987
0.0
0.0
41.23954912718705
67.67125636219305
93.78127057229133
0.0
0.0
11.226412765940228
18.421769209181395
25.52955295199366
0.0
0.0
11.226412765940228
18.421769209181395
25.52955295199366
0.0
0.0
11.226412765940228
18.421769209181395
25.52955295199366
0.0
0.0
37.70276077176447
59.810534279829376
81.64924016882031
0.0
0.0
45.07682939248521
71.5085366274912
97.6185508375895
0.0
0.0
0.0
0.0
0.0
0.0
0.0
0.0
0.0
0.0
0.0
0.0
20.791280245737564
32.85969445108926
50.26116008219833
1.484346573412779
15.909972652984862
29.374508640138345
41.82583039052682
54.92479808482517
0.5241611057123237
5.984033978596898
11.90804855745229
18.153726357306383
23.931477443998844
0.5241611057123237
5.984033978596898
11.90804855745229
18.153726357306383
23.931477443998844
0.6095941251642358
6.936815953565322
13.821120131542507
21.10732136426855
27.867884922542963
0.6095941251642358
6.936815953565322
13.821120131542507
21.10732136426855
27.867884922542963
0.08543301945192039
0.952761178225614
1.9130715740902362
2.9535742102193674
3.936428275286979
0.08543301945192039
0.952761178225614
1.9130715740902362
2.9535742102193674
3.936428275286979
0.0
0.0
0.0
0.0
0.0
0.0
0.0
0.0
0.0
0.0
0.0
0.0
0.0
0.0
0.0
0.0
0.0
0.0
0.0
0.0
0.0
0.0
0.0
0.0
0.0
0.0
0.0
0.0
0.0
0.0
0.0
0.0
0.0
0.0
0.0
0.0
0.0
0.0
0.0
0.0
