0	
0	
0	
0	
0	
0	
0	
0	
0	
0	
0.386819	
4.14063	
8.64729	
16.2152	
18.0037	
1.76689	
21.164	
50.8493	
70.3982	
84.0783	
0	
0	
0	
4.82152	
12.7039	
0	
0	
37.717	
59.443	
80.9993	
2.29967	
26.2608	
40.2416	
49.3739	
59.4828	
1.19919	
25.1602	
39.1426	
48.2749	
58.3838	
0	
0	
0	
6.90014	
21.191	
0	
23.3197	
37.3006	
46.4344	
56.5433	
0	
0	
0	
0	
8.56671	
0	
14.5729	
36.0093	
52.4527	
69.1413	
0	
6.00915	
27.4441	
43.8875	
60.576	
0	
0	
32.747	
49.1908	
65.8793	
0	
0	
28.4953	
44.9376	
61.6261	
0	
0	
0	
0	
0	
0	
0	
24.2436	
40.6844	
57.3767	
0	
0	
0	
0	
0	
0	
0	
0	
0	
0	
0	
1.62514	
29.9184	
52.9161	
75.7583	
0	
0	
38.7046	
61.7014	
84.5435	
0	
0	
26.4098	
49.408	
72.2502	
0	
0	
0	
29.2215	
52.0632	
0	
0	
0	
0	
0	
0	
0	
0	
0	
0	
0	
0	
0	
0	
0	
0	
0	
0	
0	
0	
0	
0	
0	
0	
0	
0	
0	
0	
0	
0	
0	
0	
0	
0	
0	
2.81829	
25.6581	
43.6803	
60.4263	
77.2173	
0.277254	
3.87422	
7.33312	
13.4748	
20.359	
0	
0	
0	
0	
19.9452	
0.680987	
4.24841	
7.67868	
13.77	
20.5981	
0	
0	
0	
0	
17.9441	
0	
0	
0	
0	
15.8194	
0.686602	
4.28354	
7.74243	
13.8842	
20.7695	
0.852355	
5.31762	
9.61153	
17.236	
25.7835	
0.686602	
4.28354	
7.74243	
13.8842	
20.7695	
0.686703	
4.28364	
7.74236	
13.8842	
20.7695	
0	
0	
0	
0	
0	
2.56066	
22.8849	
38.6418	
51.3982	
64.1141	
1.8478	
11.527	
20.8347	
37.3616	
55.8878	
1.8478	
11.527	
20.8347	
37.3616	
55.8878	
2.55974	
22.884	
38.6418	
51.3982	
64.1131	
0	
0	
0	
0	
0	
2.384	
21.3125	
35.991	
48.2174	
60.5155	
0.818213	
8.49132	
15.2369	
21.3339	
27.7438	
0	
0	
0	
0	
16.46	
0	
0	
6.3878	
18.8043	
25.2115	
0.410383	
1.57507	
8.56986	
18.0569	
22.7189	
0.410383	
1.57507	
8.5682	
18.0569	
22.7173	
1.32751	
17.477	
32.5914	
47.7806	
60.4758	
0.766631	
10.0929	
18.8213	
27.593	
34.9244	
0	
0	
0	
0	
55.2278	
1.32751	
17.477	
32.5914	
47.7806	
60.4758	
0	
0	
0	
42.1701	
85.2214	
0	
0	
0	
42.1701	
85.2214	
0	
0	
8.58829	
21.0047	
27.4119	
0	
0	
0	
30.5559	
62.8342	
0	
7.11907	
15.2403	
20.9392	
28.974	
0.459608	
5.76694	
11.4444	
17.4651	
22.8327	
0	
0	
0	
0	
0	
0	
0	
0	
28.2473	
60.5256	
0	
5.37452	
13.4958	
19.1946	
27.2295	
0	
10.7544	
29.1861	
42.1191	
60.3498	
0	
6.34813	
24.7771	
37.714	
55.9446	
0	
0	
0	
0	
0	
0	
0	
29.6336	
51.3589	
72.9152	
0	
0	
29.81	
51.8186	
73.6561	
0	
0	
0	
27.3815	
59.6598	
0	
0	
0	
0	
0	
0.0784278	
1.68921	
3.48325	
5.43339	
7.18896	
0	
0	
0	
0	
0	
0.0788048	
1.68921	
3.48363	
5.43339	
7.18896	
0	
3.32866	
21.7588	
34.6922	
52.9267	
0	
3.32866	
21.7588	
34.6922	
52.9267	
0	
0	
19.7996	
36.2419	
52.9312	
0	
0	
39.0071	
54.4705	
76.2668	
0	
0	
28.2623	
41.1972	
59.4279	
0	
0	
25.4276	
38.3617	
56.5924	
0	
0	
0	
0	
0	
0	
0	
0	
44.6087	
90.6693	
0	
0	
0	
0	
33.72	
0	
0	
0	
0	
28.5717	
5.44796	
55.1145	
98.4681	
138.857	
184.807	
4.99067	
48.9295	
86.5086	
122.204	
163.493	
0	
0	
0	
0	
0	
0	
0	
0	
0	
0	
0	
0	
0	
0	
0	
0	
0	
0	
0	
0	
0	
0	
0	
0	
0	
0	
0	
0	
0	
0	
0	
0	
0	
0	
0	
0	
0	
0	
0	
0	
0	
0	
0	
0	
0	
5.2033	
51.0236	
90.2111	
127.434	
170.489	
4.98975	
48.9295	
86.5086	
122.204	
163.492	
2.81829	
25.6581	
43.6803	
60.4263	
77.2173	
0	
0	
0	
0	
0	
1.68294	
17.8273	
32.0469	
45.1602	
58.8703	
1.61387	
17.0956	
30.7316	
43.3077	
56.4542	
2.1525	
22.8013	
40.9883	
57.7617	
75.2958	
1.61295	
17.0947	
30.7307	
43.3067	
56.4532	
1.68198	
17.8263	
32.0459	
45.1602	
58.8694	
1.61295	
17.0947	
30.7307	
43.3067	
56.4532	
1.68198	
17.8263	
32.0459	
45.1602	
58.8694	
2.15127	
22.8001	
40.9871	
57.7604	
75.2946	
0	
0	
1.4874	
3.94474	
6.38453	
0	
0	
1.4874	
3.94474	
6.38453	
1.75107	
15.2597	
27.1765	
37.8336	
49.1028	
1.68012	
14.6343	
26.0621	
36.2808	
47.0884	
0	
0	
0	
0	
0	
0	
0	
0	
0	
0	
0	
0	
1.9024	
5.04537	
8.16588	
0	
0	
1.57385	
4.03119	
6.47098	
0	
0	
0	
0	
0	
0	
0	
0	
0	
0	
0	
0	
0	
0	
0	
0	
0	
0	
0	
0	
0	
0	
0	
0	
0	
0	
0	
0	
0	
0	
0	
0	
0	
0	
0	
0	
0	
0	
0	
0	
0	
0	
0	
0	
0	
0	
0	
0	
0	
0	
0	
0	
0	
0	
0	
0.258546	
0.50666	
0.694423	
0.880695	
1.40449	
0.258546	
0.50666	
0.694423	
0.880695	
1.40449	
0	
0	
0	
0	
0	
0	
0	
0	
0	
0	
0.0788048	
1.68921	
3.48363	
5.43339	
7.18896	
0.0788048	
1.68921	
3.48363	
5.43339	
7.18896	
0.0784278	
1.68733	
3.48212	
5.4315	
7.18858	
0	
0	
0	
0	
0	
0	
0	
0	
0	
0	
0	
0	
0	
0	
0	
0	
0	
0	
0	
0	
0	
0	
0	
0	
0	
0	
0	
0	
0	
0	
0	
0	
0	
0	
0	
0.00870591	
0.0302367	
0.0464315	
0.0570097	
0.0549268	
0	
0	
0	
0	
0	
0	
0	
0	
0	
0	
0	
0	
0	
0	
0	
0	
0	
0	
1.13656	
2.36034	
0	
0	
0	
0	
13.7241	
2.18434	
19.2404	
32.2728	
43.0114	
53.7454	
2.91336	
25.6619	
43.0439	
57.3665	
71.683	
0.277173	
0.962655	
1.47826	
1.81504	
1.74872	
0.277173	
0.962655	
1.47826	
1.81504	
1.74872	
0.276428	
0.962655	
1.47751	
1.81429	
1.74798	
0.276428	
0.962655	
1.47751	
1.81429	
1.74798	
0	
0	
0	
0	
0	
0	
0	
0	
38.9344	
76.4739	
0	
0	
0	
51.9288	
101.997	
0	
0	
0	
38.9344	
76.4739	
1.33307	
15.7161	
40.2978	
58.2018	
70.5571	
0.0721647	
0.141626	
0.194034	
0.245817	
0.392019	
0	
0	
19.0789	
40.1211	
50.9791	
0	
0	
19.0789	
40.1211	
50.9791	
0	
0	
19.0789	
40.1211	
50.9791	
0	
0	
0	
0	
0	
0	
0	
0	
0	
0	
0.388899	
4.14271	
8.64729	
16.2152	
18.0037	
0.388899	
4.14271	
8.64729	
16.2152	
18.0037	
0.843001	
8.97999	
18.7444	
35.1491	
39.026	
0.843001	
8.97999	
18.7444	
35.1491	
39.026	
0	
0	
0	
0	
0	
0	
0	
0	
0	
0	
0	
0	
0	
0	
0	
0	
0	
22.5686	
34.5496	
46.4412	
0	
0	
22.5686	
34.5496	
46.4412	
1.61387	
17.0956	
30.7316	
43.3077	
56.4542	
0.453369	
4.68551	
8.40604	
11.7689	
15.3043	
0.453369	
4.68551	
8.40604	
11.7689	
15.3043	
0.821983	
8.49509	
15.2406	
21.3376	
27.7476	
0.451289	
4.68343	
8.40396	
11.7668	
15.3022	
0	
0	
19.8825	
58.5299	
78.4728	
0	
0	
23.4652	
69.0765	
92.6129	
0.388899	
4.14271	
8.64729	
16.2152	
18.0037	
0	
0	
39.1757	
65.15	
90.9224	
0	
0	
10.6646	
17.7354	
24.7513	
0	
0	
10.6646	
17.7354	
24.7513	
0	
0	
10.6646	
17.7354	
24.7513	
0	
0	
34.7699	
56.4944	
78.0545	
0	
0	
41.5703	
67.5438	
93.3207	
0	
0	
0	
0	
0	
0	
0	
0	
0	
0	
0	
0	
22.0367	
34.9712	
53.2027	
1.61387	
17.0956	
30.7316	
43.3077	
56.4542	
0.459608	
5.76694	
11.4444	
17.4651	
22.8327	
0.459608	
5.76694	
11.4444	
17.4651	
22.8327	
0.503281	
6.70071	
13.3661	
20.4619	
26.7987	
0.503281	
6.70071	
13.3661	
20.4619	
26.7987	
0.0432572	
0.931694	
1.9212	
2.99681	
3.96511	
0.0432572	
0.931694	
1.9212	
2.99681	
3.96511	
0	
0	
0	
0	
0	
0	
0	
0	
0	
0	
0	
0	
0	
0	
0	
0	
0	
0	
0	
0	
0	
0	
0	
0	
0	
0	
0	
0	
0	
0	
0	
0	
0	
0	
0	
0	
0	
0	
0	
0	
