7.581950e+00
7.594438e+00
7.600534e+00
7.600701e+00
7.632956e+00
7.632429e+00
7.655528e+00
7.656167e+00
7.635723e+00
7.644280e+00
7.712227e+00
7.712300e+00
7.712421e+00
7.712247e+00
7.713200e+00
7.715450e+00
7.720747e+00
7.724482e+00
7.732913e+00
7.715609e+00
7.742792e+00
7.719218e+00
7.720126e+00
7.719218e+00
7.720268e+00
7.733397e+00
7.748009e+00
7.821220e+00
8.018142e+00
8.026838e+00
8.026813e+00
8.032398e+00
8.033365e+00
7.937968e+00
7.959302e+00
7.959302e+00
7.959726e+00
8.068776e+00
8.066229e+00
7.959726e+00
7.967683e+00
7.959779e+00
7.995572e+00
7.959800e+00
7.959843e+00
7.959845e+00
7.959889e+00
8.067846e+00
8.071331e+00
7.959906e+00
7.959927e+00
8.064869e+00
8.079324e+00
8.079472e+00
8.137309e+00
7.621604e+00
7.609562e+00
7.703125e+00
7.604306e+00
7.604098e+00
7.701942e+00
7.703482e+00
7.704162e+00
7.707243e+00
7.706878e+00
7.623782e+00
7.626445e+00
7.602237e+00
7.652444e+00
7.703875e+00
8.396360e+00
8.393189e+00
8.368247e+00
7.685024e+00
7.685024e+00
7.704477e+00
7.704542e+00
7.715719e+00
8.350310e+00
8.350674e+00
7.664996e+00
7.697292e+00
7.706863e+00
8.350145e+00
8.351426e+00
8.350384e+00
8.349134e+00
8.349267e+00
8.351596e+00
7.717527e+00
7.718431e+00
7.777009e+00
7.719474e+00
7.723020e+00
7.729900e+00
7.722918e+00
7.870715e+00
7.883617e+00
7.885265e+00
7.870715e+00
8.051980e+00
7.883706e+00
7.883624e+00
7.883573e+00
7.883573e+00
7.883573e+00
8.858608e+00
8.858608e+00
8.861148e+00
8.860948e+00
8.861323e+00
8.061412e+00
8.065266e+00
8.063623e+00
8.269812e+00
8.694818e+00
8.773237e+00
8.786918e+00
8.810627e+00
8.817948e+00
8.823638e+00
8.858538e+00
8.854878e+00
8.858491e+00
8.858528e+00
8.864258e+00
8.869229e+00
8.879257e+00
8.862329e+00
8.858412e+00
8.858330e+00
8.066389e+00
8.065993e+00
8.065759e+00
8.898078e+00
8.065598e+00
8.668347e+00
8.819711e+00
8.843807e+00
8.855178e+00
8.885203e+00
8.892905e+00
8.898306e+00
8.903926e+00
8.184208e+00
8.184206e+00
8.184162e+00
8.352310e+00
8.361036e+00
8.366515e+00
8.366214e+00
8.366063e+00
8.365972e+00
8.365838e+00
8.365475e+00
8.365475e+00
8.861542e+00
8.861543e+00
8.861647e+00
8.861647e+00
8.862055e+00
7.745656e+00
8.087456e+00
8.087627e+00
8.851430e+00
8.850900e+00
8.850839e+00
8.850799e+00
8.843437e+00
7.718845e+00
7.740588e+00
7.636955e+00
8.903937e+00
7.602137e+00
7.601396e+00
7.600649e+00
7.600649e+00
7.602335e+00
7.602970e+00
7.627895e+00
7.623926e+00
7.621602e+00
7.626455e+00
7.632179e+00
7.632820e+00
8.144680e+00
8.183836e+00
8.182051e+00
8.184399e+00
7.605627e+00
7.662396e+00
7.661163e+00
7.657464e+00
7.657503e+00
7.654000e+00
8.375352e+00
8.390811e+00
8.374899e+00
8.350364e+00
8.350088e+00
8.349134e+00
8.349134e+00
8.349134e+00
8.366072e+00
